54 837
56 844
54 846
52 850
53 852
53 857
56 857
52 859
52 856
48 858
49 856
48 857
49 859
49 859
49 862
50 860
46 859
47 857
48 857
49 862
51 860
47 859
47 857
49 856
51 859
54 858
57 860
61 856
61 857
63 856
64 858
61 856
56 857
54 855
53 859
53 857
52 861
53 858
50 860
51 859
49 860
51 858
47 856
49 854
48 854
52 855
53 854
54 854
53 852
55 853
55 853
60 853
56 854
57 853
55 855
60 855
59 856
58 854
55 854
57 855
57 855
62 855
60 854
61 854
63 854
73 856
91 855
106 855
105 853
110 854
130 853
145 854
138 852
115 852
93 854
95 854
99 855
99 854
82 855
76 855
82 856
93 855
90 854
76 853
66 854
66 854
61 857
60 855
55 856
56 857
54 859
56 857
53 859
55 856
53 859
55 856
54 860
54 856
51 857
51 855
50 858
51 856
50 856
49 854
49 856
49 854
50 855
48 852
48 852
47 853
49 854
46 855
48 853
45 854
48 854
46 855
49 854
47 854
50 854
48 856
51 856
49 857
52 856
49 857
51 856
49 858
52 856
49 857
52 854
50 857
53 856
51 858
53 856
49 858
52 857
50 859
52 857
49 858
52 856
49 858
52 857
50 859
52 856
49 857
51 856
48 858
50 857
46 857
48 855
45 856
48 855
46 856
48 854
44 854
47 855
44 855
45 856
44 854
46 855
45 855
47 859
48 858
46 860
47 858
44 861
47 859
43 860
43 857
40 856
42 855
42 856
43 858
45 857
44 860
47 859
44 862
45 860
41 858
42 856
39 856
42 857
43 856
45 859
46 858
45 861
47 858
43 859
43 856
40 855
43 858
44 859
44 863
45 860
41 860
41 857
38 857
42 860
43 860
42 862
42 860
38 858
41 859
42 859
42 862
43 859
39 859
42 860
43 860
41 863
41 859
37 858
41 862
44 861
40 862
39 859
39 859
42 863
44 860
38 859
41 860
43 862
41 864
40 859
38 857
42 863
43 863
38 861
40 859
42 859
42 862
41 859
40 859
42 863
43 861
37 860
40 860
42 863
40 863
39 859
39 859
42 864
43 861
37 859
39 861
40 862
33 861
35 860
40 862
39 863
37 860
37 862
36 865
35 860
36 863
31 864
33 863
36 865
32 861
36 862
39 862
34 861
39 864
40 863
34 859
37 864
40 864
34 861
38 862
42 861
37 860
40 862
43 863
39 862
40 859
43 862
40 864
39 861
42 860
43 863
41 860
41 862
42 865
40 860
39 860
41 866
39 861
40 862
42 864
41 860
40 861
41 865
40 861
41 861
43 865
41 861
40 860
44 865
46 861
42 859
45 865
46 863
41 860
44 864
45 863
38 861
41 863
46 863
41 861
43 862
46 863
40 862
45 864
47 863
41 861
43 861
47 863
45 863
45 861
46 862
44 864
44 861
47 863
47 865
44 860
44 860
48 866
49 863
45 861
47 867
48 866
44 865
49 869
51 870
45 871
45 870
49 873
50 876
48 872
46 872
48 876
49 871
48 867
52 868
50 858
45 846
51 835
56 815
50 787
50 752
51 714
50 666
52 604
54 541
50 473
49 400
51 328
58 259
60 198
58 142
79 108
159 109
261 107
351 100
396 102
418 105
447 102
471 101
474 103
456 102
445 101
457 100
468 102
447 104
388 98
317 102
260 106
213 102
158 104
75 107
51 108
51 111
54 125
53 165
45 211
48 252
53 306
50 362
49 408
49 459
50 514
53 565
51 615
53 660
53 704
56 744
56 777
57 803
54 819
56 831
53 838
53 844
52 848
53 850
52 851
52 855
54 856
53 860
55 858
50 860
50 858
47 858
49 857
48 857
50 861
52 860
48 862
48 859
45 856
47 859
50 860
49 862
51 859
47 857
49 855
51 855
57 856
60 855
63 854
60 852
58 854
54 854
54 855
50 853
50 854
50 854
52 857
51 857
52 858
52 858
51 860
53 859
51 861
53 857
50 858
52 856
51 857
56 856
55 856
58 855
57 858
62 857
62 859
64 856
61 858
62 858
60 860
64 859
61 860
60 857
57 859
62 857
63 858
66 856
62 855
66 854
80 856
111 855
133 855
130 854
119 856
128 856
132 858
133 856
106 858
89 857
87 860
98 858
101 860
91 857
78 859
84 858
89 860
92 857
70 858
65 856
63 859
62 857
57 857
57 855
55 857
55 855
54 857
53 854
51 854
51 853
51 854
48 853
48 853
45 853
48 854
46 854
48 855
46 854
48 853
46 854
49 854
48 857
51 855
49 856
52 856
49 858
52 857
49 858
51 856
49 858
52 857
50 859
52 856
51 858
53 855
51 858
52 856
50 857
51 854
50 857
51 855
51 856
51 853
49 854
48 852
49 855
47 853
48 854
46 852
47 855
46 854
48 856
47 853
47 855
47 853
48 856
47 854
47 855
46 853
47 856
47 855
49 858
50 855
49 857
49 855
48 858
50 857
48 859
49 857
48 859
50 858
48 860
49 857
45 858
46 856
43 857
46 856
43 855
43 855
43 855
44 858
46 859
45 861
47 859
43 861
46 858
42 860
43 857
40 856
43 855
41 856
43 858
45 858
44 861
45 860
43 862
44 859
40 858
41 856
41 855
43 860
45 859
44 861
45 858
40 858
41 858
42 858
44 862
45 860
40 861
41 858
38 858
42 861
44 860
41 862
40 860
38 858
42 860
44 859
41 861
41 859
40 859
43 863
43 861
38 861
39 859
41 860
43 864
42 860
37 858
40 861
43 862
42 862
41 858
40 859
42 864
43 862
38 859
40 859
41 861
41 864
40 860
39 858
41 862
44 860
39 860
41 860
43 861
41 863
40 859
38 859
42 864
43 862
38 860
40 859
42 861
41 863
39 859
38 859
37 864
38 862
33 860
39 862
43 862
37 861
35 861
37 863
34 863
35 862
36 864
29 862
34 866
37 864
33 860
37 865
38 862
35 862
38 866
37 861
36 860
38 867
37 862
37 860
41 864
41 861
39 860
41 866
42 861
37 859
42 864
43 863
38 861
42 862
45 861
39 860
41 862
43 864
38 862
40 861
43 863
37 863
41 862
45 862
40 861
41 862
43 863
39 863
42 861
44 862
40 863
41 861
45 862
45 863
43 859
44 862
43 865
42 861
42 862
42 864
40 861
42 862
44 865
43 860
43 861
43 865
42 861
44 862
45 865
42 860
42 861
46 865
46 861
45 861
46 865
45 861
43 861
48 866
48 863
42 860
45 864
50 864
45 864
48 865
49 866
45 868
46 867
50 871
50 873
46 870
46 871
50 876
51 874
47 872
49 875
50 872
46 867
52 862
54 854
48 840
47 816
52 792
54 760
53 714
50 665
50 611
51 545
51 473
55 399
52 330
46 262
55 193
78 143
130 115
183 104
247 105
330 106
412 101
459 101
451 103
441 103
453 102
471 101
480 103
458 103
436 98
422 103
388 104
341 99
250 102
154 106
98 104
72 105
58 110
51 115
47 138
51 178
54 228
48 278
49 323
50 379
48 436
49 483
51 530
49 576
49 614
48 654
53 692
57 729
55 761
57 787
60 812
60 825
58 836
55 840
54 846
54 849
55 853
55 853
54 856
53 856
53 860
54 859
51 859
50 857
46 856
49 857
49 858
51 862
51 860
47 861
47 859
46 857
49 860
50 860
48 861
49 859
47 858
52 858
53 857
54 859
61 857
65 859
66 855
61 856
57 853
54 856
53 855
53 856
52 855
51 857
52 857
52 860
53 859
52 860
53 858
51 861
54 858
51 859
52 856
50 856
55 856
55 857
59 855
57 856
60 856
61 859
65 858
63 859
62 857
58 859
62 859
61 861
64 857
58 858
59 856
61 858
69 856
79 856
78 854
77 855
98 855
128 856
152 854
138 855
121 854
111 858
116 857
116 859
102 856
82 859
84 858
92 861
104 858
90 859
80 857
76 860
80 857
73 859
65 856
60 858
59 855
58 858
56 855
54 856
53 853
53 856
53 854
53 854
50 852
50 853
47 854
48 855
45 854
46 854
44 853
46 855
45 854
46 854
46 853
48 853
46 854
49 854
47 855
49 854
47 856
50 856
48 857
51 856
49 856
52 855
50 858
54 857
51 858
53 856
50 858
53 856
51 859
53 856
50 858
52 855
52 859
54 857
52 858
52 855
50 857
51 856
50 859
52 856
50 858
51 857
50 860
52 857
49 859
51 856
49 858
52 857
49 860
51 857
48 858
51 856
48 858
51 857
48 858
50 855
47 857
49 856
46 858
48 856
44 855
46 855
44 856
45 856
44 855
46 856
45 855
46 859
47 858
46 861
48 858
44 861
45 858
41 859
43 856
40 855
41 855
42 856
44 859
46 858
45 860
45 859
43 862
43 859
40 858
40 856
40 855
43 860
45 859
44 861
46 858
41 858
43 858
41 857
44 860
44 860
42 862
42 859
39 858
42 858
43 859
43 863
44 861
38 860
40 858
42 858
43 861
44 860
39 859
42 859
42 859
42 863
42 860
38 859
41 860
42 861
41 863
40 860
38 858
42 862
44 860
39 860
40 859
41 860
43 864
42 860
37 858
41 862
43 863
40 863
39 858
40 858
42 864
44 861
39 859
41 861
43 861
39 863
39 860
40 860
42 864
41 861
37 859
41 863
45 861
40 860
40 859
39 862
36 865
35 859
37 858
38 864
39 862
35 860
39 864
40 861
33 860
34 866
34 864
32 861
36 866
33 862
34 862
36 865
37 861
38 863
37 864
35 861
40 864
37 865
36 860
39 862
39 863
38 861
41 862
40 864
39 859
40 862
42 865
40 861
40 859
43 864
43 861
40 860
43 865
43 861
37 859
42 865
42 863
37 860
41 863
44 861
38 861
42 865
44 863
38 860
41 863
44 864
38 862
43 862
46 862
41 861
44 862
47 864
43 863
42 860
43 863
41 864
40 861
44 862
43 863
41 860
44 863
43 865
44 861
44 862
43 864
42 861
45 862
46 864
44 860
43 861
46 866
45 861
45 860
46 865
46 862
43 860
48 865
51 863
44 861
46 865
49 866
45 866
48 866
48 869
46 871
46 870
49 872
51 876
48 872
45 872
48 877
50 873
48 869
49 870
49 864
45 855
51 848
56 833
48 812
49 787
52 757
50 718
53 667
51 614
49 554
49 483
53 411
57 342
52 272
50 208
58 151
97 116
175 109
245 102
305 105
367 106
433 101
469 103
460 104
445 101
450 101
466 102
478 103
459 102
431 99
397 103
359 105
315 100
231 103
135 106
73 103
59 105
56 112
50 120
47 149
50 190
53 240
49 292
49 337
51 394
51 453
53 510
52 569
54 624
53 677
56 726
57 763
58 793
56 812
55 827
54 836
55 844
56 847
54 852
53 853
53 858
55 857
52 859
51 856
47 855
48 857
49 858
52 862
52 860
48 861
48 859
46 857
49 860
50 859
48 861
49 859
47 858
50 859
50 857
50 860
55 859
57 861
62 857
61 858
62 855
63 858
62 856
58 858
55 856
53 857
53 858
52 861
54 859
50 861
51 858
48 860
50 856
48 857
50 855
47 854
51 855
52 854
54 854
52 852
53 853
54 854
58 854
58 855
57 853
55 854
58 855
58 856
62 855
56 855
57 854
56 855
61 856
64 855
62 855
62 853
67 855
80 854
105 854
114 853
112 853
118 854
137 854
148 854
135 853
107 854
93 854
95 857
105 856
96 857
84 855
78 858
89 857
96 858
90 856
72 857
69 857
65 860
64 857
58 858
59 856
56 859
56 857
54 859
55 856
53 858
53 856
54 858
54 856
52 856
50 854
49 856
48 855
48 856
48 853
49 854
48 854
49 855
47 853
49 853
47 853
49 854
47 856
50 856
48 856
51 855
49 858
52 856
50 859
52 856
50 857
53 857
51 859
54 857
50 858
52 856
50 859
53 857
50 859
53 856
51 858
53 856
51 858
52 856
50 858
51 855
49 859
51 857
50 860
52 857
50 858
52 857
49 859
52 857
49 858
51 856
49 859
51 857
49 860
51 857
48 858
52 858
49 858
52 856
48 857
50 855
47 858
49 857
46 858
47 855
43 855
45 856
42 855
45 856
44 855
44 857
45 857
45 861
47 859
44 861
46 858
42 860
44 858
41 857
43 855
40 855
44 858
44 858
44 862
46 860
43 861
44 859
40 859
42 857
41 855
42 857
44 858
45 861
47 859
43 859
43 857
40 857
44 859
45 859
44 862
45 859
40 860
41 858
41 858
43 861
44 860
42 863
41 859
39 858
41 860
44 860
42 862
42 859
40 858
42 861
44 861
39 862
40 859
39 859
42 863
43 861
37 860
40 859
42 861
42 862
41 858
38 859
42 863
43 863
38 860
39 858
42 861
42 865
41 861
38 858
42 862
44 861
40 861
41 860
43 861
41 863
39 860
38 859
42 864
43 862
37 860
40 861
43 862
40 863
39 859
38 860
37 865
36 861
34 860
40 864
41 862
34 861
37 865
38 863
33 860
35 866
32 862
32 863
35 867
34 860
36 861
36 864
36 861
39 864
38 864
37 860
39 863
37 865
37 861
39 861
40 863
39 860
40 862
42 865
40 860
40 859
42 865
42 863
39 860
43 863
46 860
40 860
42 863
45 864
39 861
41 861
42 864
38 863
40 862
43 862
39 861
41 862
43 864
39 863
41 861
44 863
39 863
41 862
46 863
43 862
43 860
45 863
44 864
43 861
44 862
43 864
41 861
42 861
45 865
44 860
42 860
44 866
44 862
43 861
45 865
44 862
41 860
45 865
48 862
43 860
46 865
46 863
42 861
47 865
48 863
42 861
44 863
49 864
48 865
46 863
48 865
46 868
47 866
49 869
49 874
47 871
45 870
50 876
53 874
46 872
47 874
50 874
47 870
51 865
51 861
47 852
47 834
52 818
54 796
51 760
49 721
51 679
52 621
53 555
53 485
51 413
47 342
54 266
64 207
65 152
81 110
136 107
240 107
343 103
406 102
427 103
436 104
458 103
477 100
472 102
450 103
445 98
458 101
445 105
394 100
314 101
230 104
181 104
139 105
82 106
53 110
48 117
52 135
56 183
48 232
46 276
50 331
50 388
51 440
48 489
49 539
51 583
48 624
53 662
54 700
54 738
57 769
59 798
61 815
58 830
58 838
56 847
57 849
57 854
57 854
52 857
54 857
51 859
53 857
48 856
49 855
49 857
52 861
53 861
50 862
49 859
44 858
48 858
49 859
49 861
51 859
46 859
47 858
50 858
51 859
53 858
55 861
61 858
65 860
66 856
60 857
58 856
56 858
55 857
53 859
53 857
52 861
54 859
51 862
51 858
47 859
49 856
47 857
51 856
48 855
51 855
50 855
55 856
55 855
57 854
55 852
56 853
59 854
61 854
57 854
57 854
56 855
59 855
60 856
57 855
56 854
59 856
63 856
68 857
68 854
67 856
72 855
97 856
130 855
144 854
133 852
122 853
127 853
133 854
121 854
98 853
82 855
89 855
98 856
100 854
84 855
78 854
82 856
90 855
79 856
64 855
59 857
61 856
57 859
57 857
54 859
56 858
53 860
56 858
52 859
54 857
53 860
54 857
52 859
51 856
49 857
49 857
50 858
51 856
50 856
48 853
48 855
48 853
49 854
46 853
48 853
45 854
48 855
46 855
48 854
46 854
49 855
48 857
51 856
49 857
51 855
49 858
52 857
49 859
51 856
49 857
51 856
49 858
52 857
49 857
52 855
50 858
52 857
50 859
52 857
48 858
51 856
49 859
51 857
48 858
51 856
48 858
51 856
48 858
49 856
46 857
48 856
46 856
48 856
45 855
48 854
45 855
47 855
45 855
47 855
43 854
46 856
46 856
46 858
47 857
47 859
47 859
47 862
48 860
44 861
45 857
41 859
43 857
41 857
42 856
42 855
43 859
46 858
45 862
47 859
43 861
44 859
41 859
42 858
39 855
42 856
43 856
43 861
47 860
45 861
46 858
42 859
43 857
41 857
44 858
44 858
44 863
45 861
41 861
41 857
39 856
41 860
43 861
42 864
42 860
38 857
40 859
43 860
43 863
44 859
39 858
42 860
43 862
42 864
41 859
37 857
41 862
44 863
40 863
39 859
39 858
42 863
44 861
39 860
41 860
42 861
40 863
39 860
39 859
41 864
43 861
37 860
40 861
43 862
42 862
41 859
40 859
41 865
43 862
37 859
41 861
43 862
39 863
38 860
41 859
43 863
42 860
36 859
38 864
39 862
33 860
36 861
38 863
37 864
37 860
40 862
34 863
33 863
36 865
31 862
35 864
36 864
30 861
36 865
39 862
35 860
38 866
38 863
34 861
39 865
39 862
35 860
39 865
42 862
38 859
42 863
42 863
37 861
41 863
44 863
39 861
40 861
43 862
42 863
41 860
43 862
40 864
39 861
42 864
40 864
38 860
41 862
41 864
40 862
43 863
40 863
40 861
42 863
42 866
41 860
43 860
43 864
44 861
44 862
45 865
44 860
41 860
44 866
44 863
39 860
43 864
44 862
39 861
44 866
45 862
39 860
44 865
46 864
41 861
45 864
47 862
41 861
45 864
48 864
42 861
44 861
47 863
44 864
45 862
46 862
46 864
45 862
46 864
49 869
48 865
44 864
48 871
50 871
46 871
48 872
50 873
46 874
48 874
52 875
49 874
46 868
47 867
51 866
51 854
49 839
50 827
51 802
49 772
54 738
54 694
46 640
50 574
54 508
53 437
51 357
51 286
52 221
61 161
98 116
167 107
225 107
290 105
381 100
446 103
459 106
449 100
446 102
459 103
473 101
473 101
447 101
414 103
383 102
342 99
274 104
169 107
89 102
61 107
56 111
51 115
49 142
50 187
51 239
49 289
51 340
50 396
45 452
49 499
53 550
50 593
47 628
48 664
51 700
54 729
50 756
51 778
51 800
55 817
54 830
55 837
51 844
53 848
51 851
53 852
50 853
51 853
48 854
52 856
52 857
53 860
52 859
49 862
51 860
47 859
47 857
47 856
48 861
52 860
49 862
49 858
46 856
49 858
52 859
53 861
57 858
57 860
62 858
64 860
66 858
60 859
57 857
53 861
55 859
51 861
53 858
48 859
50 858
47 858
49 856
48 855
48 855
49 855
52 857
52 856
53 856
53 854
54 855
56 855
59 855
57 853
56 853
54 854
59 855
60 855
60 854
54 854
56 855
59 855
63 857
60 855
59 856
61 856
67 858
77 856
88 856
87 854
92 856
119 855
147 856
155 853
136 854
114 853
110 854
111 854
113 854
93 854
81 854
86 855
97 855
100 854
87 853
74 854
76 854
71 855
64 855
57 856
58 856
55 858
57 858
54 859
56 857
53 859
55 858
54 859
55 857
52 858
52 856
50 858
52 857
50 858
49 855
49 857
48 855
48 856
48 853
48 853
46 853
49 854
46 855
48 854
45 854
47 854
45 856
48 855
46 855
48 854
46 855
50 856
48 857
51 855
48 857
51 856
49 858
52 857
49 857
52 856
49 857
53 856
50 859
53 856
50 858
52 857
50 860
52 858
49 859
51 857
49 859
52 857
49 859
52 857
48 858
51 856
48 859
50 858
47 858
48 856
45 857
48 856
45 856
47 855
44 855
47 855
44 856
45 856
44 855
45 856
44 856
46 859
48 859
46 860
47 858
46 861
47 860
44 860
44 858
40 857
42 856
40 856
43 857
43 857
45 859
45 859
45 862
46 861
43 861
43 858
39 858
40 857
41 856
43 858
44 857
45 861
47 859
44 861
44 858
40 857
42 857
42 858
43 863
46 860
41 860
41 858
39 858
42 859
44 860
43 863
43 861
38 860
40 859
42 859
43 862
44 860
38 860
41 859
42 860
42 863
42 860
38 859
41 861
43 862
41 863
40 859
38 858
42 863
44 861
39 860
39 859
41 861
42 865
41 860
36 858
40 862
43 863
39 863
39 859
40 860
42 863
43 861
39 859
42 862
44 862
39 862
38 860
41 862
42 864
41 860
37 858
42 863
44 862
40 860
41 860
40 862
36 864
35 860
36 860
39 864
39 862
35 860
39 864
41 862
34 860
35 865
35 864
29 862
36 867
35 862
33 861
36 865
36 862
38 863
37 865
35 860
37 863
37 866
36 860
38 861
39 864
39 861
39 862
42 865
40 860
39 860
42 866
42 863
39 859
42 863
44 861
39 860
43 865
44 862
37 860
41 865
42 864
36 861
42 864
44 861
39 860
42 865
44 863
38 860
42 864
44 863
38 861
42 864
46 862
41 860
44 862
46 864
42 864
43 861
44 863
41 864
40 861
44 863
43 863
41 860
43 863
41 865
42 862
45 864
43 864
41 860
45 863
46 865
45 860
45 862
44 865
43 861
45 862
47 866
44 861
43 860
47 866
49 863
44 861
47 865
48 865
44 864
49 867
51 869
45 869
45 869
49 872
50 875
49 872
47 872
48 877
49 873
47 871
51 872
50 866
44 857
49 847
55 831
51 808
49 776
50 742
50 700
52 644
54 585
50 522
48 450
50 377
56 307
57 240
53 179
62 123
111 110
206 108
305 100
362 103
396 106
436 101
465 102
474 103
456 101
445 101
455 101
467 103
461 102
415 99
348 103
289 106
242 101
189 104
98 107
50 105
53 108
53 120
51 150
47 192
49 238
52 292
48 345
50 393
51 447
47 498
49 541
52 586
51 629
50 665
48 702
52 736
53 768
55 793
51 812
55 827
53 837
55 843
52 847
53 848
49 851
53 853
51 854
52 855
51 855
52 860
54 860
51 863
52 859
46 858
46 857
48 857
51 862
52 860
48 860
47 858
46 858
49 862
50 862
47 861
48 858
47 857
52 857
56 854
59 854
59 853
60 854
55 854
55 854
51 853
51 854
48 855
50 856
49 855
50 856
50 856
52 860
53 860
53 861
53 859
51 861
54 859
53 860
56 857
53 858
57 856
58 859
63 858
62 859
62 857
61 860
64 858
64 861
63 859
59 861
60 859
59 861
64 859
62 858
61 856
60 856
72 856
91 856
120 855
120 854
117 854
127 856
141 855
144 856
122 856
97 858
94 858
99 860
108 858
94 859
84 858
83 860
94 858
97 859
84 857
67 859
66 858
62 860
61 858
57 859
58 857
57 860
57 858
55 859
55 856
55 857
54 856
52 858
51 855
49 855
47 854
47 857
47 856
48 856
47 854
48 856
47 855
50 855
49 853
48 853
45 853
46 854
44 854
47 854
45 854
47 853
45 855
47 855
46 855
48 853
45 855
48 854
46 856
48 854
46 855
49 855
47 857
50 856
48 857
50 855
48 858
51 857
48 859
50 857
47 858
49 857
46 859
48 858
45 857
47 856
44 856
47 855
45 856
47 855
44 855
46 855
44 855
46 856
44 855
46 855
46 854
48 856
47 856
47 857
47 856
47 858
47 859
47 862
49 859
46 861
48 859
45 861
46 859
42 858
43 856
41 855
42 857
43 856
44 858
44 857
45 860
47 859
45 861
47 858
42 858
43 856
41 856
44 858
44 858
43 861
46 860
43 862
44 859
40 858
42 856
41 856
43 860
45 860
45 863
44 860
39 859
40 858
41 857
43 861
46 859
43 861
43 859
40 858
42 860
43 860
41 863
42 860
37 859
41 861
43 861
41 863
40 860
39 858
42 862
44 860
40 861
41 859
41 860
42 865
43 860
37 859
41 861
42 863
41 864
40 859
38 858
41 864
45 862
38 860
41 860
42 861
41 865
40 860
39 859
42 864
43 862
37 861
40 861
43 862
42 862
41 859
39 860
42 865
43 861
37 859
41 861
44 863
39 864
37 860
39 860
38 863
36 860
35 860
38 865
42 861
36 859
37 863
39 865
32 862
35 863
37 863
30 862
35 867
35 863
34 861
37 866
35 862
37 862
38 865
37 860
38 862
37 865
36 861
39 863
39 865
38 860
39 861
41 865
41 861
41 860
42 865
40 861
39 861
43 865
43 862
38 859
42 864
45 862
39 860
42 863
43 863
37 862
41 864
45 864
38 861
40 863
44 863
39 862
42 863
45 863
39 862
42 863
46 865
42 863
42 860
45 862
44 864
43 861
45 863
42 864
41 860
42 863
43 866
42 861
42 861
44 864
44 861
43 863
46 866
43 860
42 861
45 867
45 862
43 860
46 864
46 861
43 861
48 866
49 864
42 861
45 864
49 865
45 865
47 863
49 865
47 867
47 866
49 868
49 873
47 869
45 870
49 877
51 875
46 872
48 875
50 873
47 870
51 867
53 862
48 852
47 833
51 814
53 789
52 748
48 700
50 650
53 587
51 517
56 441
53 369
47 297
54 221
66 165
102 121
147 107
210 106
299 106
391 103
449 101
450 102
440 104
447 102
468 99
479 102
456 105
436 99
421 102
387 105
339 100
246 101
148 105
86 105
61 105
56 108
51 120
45 151
50 192
54 246
50 299
49 347
50 406
48 462
49 509
50 557
50 603
48 639
45 671
50 704
54 731
49 755
51 775
51 795
55 812
55 824
55 833
52 840
54 845
53 848
54 850
51 851
52 853
52 855
53 859
54 858
52 861
52 859
49 861
50 858
47 857
49 858
49 859
50 864
51 861
46 861
45 857
46 856
49 861
53 860
53 861
56 858
55 858
61 857
63 858
67 856
60 858
58 856
54 859
55 858
51 858
52 856
47 856
50 856
48 856
51 856
50 855
50 857
53 857
54 859
55 858
53 859
56 858
56 860
60 858
59 860
60 857
58 859
61 857
62 859
64 857
60 859
60 858
61 861
64 859
62 861
62 858
59 858
64 858
67 859
79 857
74 858
77 856
92 859
128 857
151 858
146 856
125 857
120 857
120 860
125 857
106 859
92 857
86 861
97 859
106 860
98 857
81 859
81 858
84 860
82 858
65 859
62 856
58 858
58 856
57 858
56 856
54 857
55 856
54 858
54 855
52 856
51 855
50 856
49 855
48 857
47 855
47 856
48 855
48 857
48 855
48 855
47 853
50 855
48 854
48 854
45 853
47 854
46 854
48 855
47 854
49 854
47 854
49 855
47 855
50 855
47 855
49 854
47 856
49 855
47 856
49 854
46 855
49 855
48 856
50 855
47 855
49 855
47 856
49 856
46 856
47 855
45 854
48 856
45 855
47 855
46 854
48 855
47 855
49 857
47 856
48 857
48 856
49 859
51 857
49 859
50 857
48 859
50 859
48 862
50 859
46 860
48 858
45 860
46 858
42 857
43 855
41 855
43 856
44 856
45 859
45 859
45 861
46 861
43 862
44 859
40 857
41 856
41 856
43 859
44 858
45 861
46 858
43 860
44 859
40 857
42 857
42 857
45 861
46 861
43 863
44 858
39 857
41 858
41 859
45 863
45 860
41 862
41 859
39 857
42 860
44 859
43 862
43 859
40 859
41 860
43 861
41 863
41 860
38 858
41 861
44 861
41 863
40 860
40 858
42 863
44 860
39 859
41 860
43 862
41 864
40 860
37 858
41 864
43 863
39 862
39 859
41 860
42 864
42 860
39 859
42 863
43 862
37 861
39 861
43 862
41 863
40 860
39 859
41 864
44 861
38 859
40 861
43 864
40 863
40 859
41 861
41 865
37 862
33 860
37 864
41 861
35 859
38 863
41 864
35 862
37 863
37 864
30 863
33 866
37 863
33 861
35 866
34 863
33 863
38 867
36 861
37 862
38 865
37 862
39 863
38 864
37 860
39 863
39 866
38 861
40 860
42 864
41 861
40 862
42 866
41 860
39 859
42 866
43 863
39 860
43 863
44 861
38 861
42 865
44 863
37 860
41 864
43 864
37 861
42 865
44 862
39 860
42 865
44 864
40 861
43 864
45 863
39 861
44 864
48 862
42 861
43 862
45 864
40 863
43 862
45 863
41 863
41 861
45 863
44 864
43 861
45 863
42 865
42 862
47 864
43 864
42 860
44 863
46 865
46 861
46 862
45 865
44 862
45 863
49 867
46 863
43 862
47 868
50 866
47 866
48 870
49 870
44 871
49 873
52 875
46 875
45 872
48 874
50 875
51 869
48 866
49 865
49 853
48 839
54 825
52 798
45 765
50 728
55 682
52 625
51 558
51 490
49 418
51 338
58 268
54 204
55 146
79 113
165 107
274 106
339 104
386 100
425 104
451 104
473 98
466 101
444 105
446 101
465 102
468 103
425 102
355 101
287 101
237 104
182 104
108 101
53 107
48 114
51 117
55 154
50 201
48 246
49 299
52 355
52 409
46 459
49 510
50 559
46 602
49 637
51 673
50 707
52 735
52 763
57 787
53 806
56 821
54 833
56 841
54 845
54 847
51 849
52 852
52 853
52 856
52 856
51 860
53 859
51 862
52 859
46 857
47 857
48 858
50 863
52 861
46 861
46 858
46 858
49 862
52 860
49 860
51 857
49 857
55 856
56 855
60 854
58 854
60 855
55 855
55 855
50 855
51 855
47 855
50 857
50 857
50 858
51 858
50 862
53 860
51 862
52 857
49 859
52 857
51 857
54 855
52 855
55 853
54 857
59 856
60 858
60 856
57 858
60 857
59 859
62 857
56 856
56 855
56 856
61 856
63 855
62 854
61 853
67 855
85 855
117 855
128 853
123 854
124 854
138 854
143 854
130 853
103 853
90 854
93 855
104 855
97 855
85 854
78 856
88 855
95 856
87 854
66 854
63 855
58 855
59 856
53 856
54 855
51 857
54 857
52 858
54 856
51 857
53 856
51 859
53 858
49 859
51 857
48 860
51 859
48 861
50 857
48 860
51 858
49 860
54 858
51 859
51 855
49 858
51 857
50 858
49 855
49 857
49 856
50 858
50 855
49 856
48 854
49 856
49 855
49 857
48 854
48 856
49 856
50 858
50 856
50 857
50 854
50 857
50 856
49 858
49 856
49 858
50 857
49 859
50 858
49 859
50 857
50 860
51 859
50 861
51 858
49 860
50 859
48 861
51 859
48 860
50 857
47 859
49 858
47 859
48 856
44 857
46 856
43 857
45 856
41 855
44 855
45 856
46 859
47 858
45 861
47 859
44 862
46 860
42 860
43 857
40 856
42 857
42 856
45 859
45 857
45 861
47 859
44 861
45 859
40 857
42 856
42 857
44 861
46 860
45 862
45 859
41 860
42 858
39 857
43 858
45 859
44 864
44 861
40 860
40 857
40 856
42 862
45 861
42 861
42 858
40 857
43 862
45 862
41 863
40 858
39 857
42 864
44 863
39 862
39 859
41 859
43 864
44 861
39 860
41 860
42 862
40 863
39 860
40 860
41 864
43 861
37 861
41 861
43 862
41 862
41 859
39 860
42 865
43 862
37 859
40 861
44 863
39 864
39 860
41 859
42 863
42 861
38 860
42 864
43 862
38 860
40 861
42 863
38 864
36 860
37 860
37 864
38 861
36 860
41 865
41 862
32 861
36 866
36 865
32 861
36 865
34 862
34 864
34 866
35 861
39 863
36 865
35 862
40 863
37 863
37 861
39 864
35 864
37 862
41 863
38 863
38 861
42 863
41 864
40 860
42 862
41 866
40 861
41 862
44 865
41 860
40 860
42 865
45 862
39 859
42 864
43 863
37 861
43 866
43 863
37 860
41 865
44 863
39 861
43 865
43 862
38 861
44 866
46 864
40 860
44 864
47 863
41 861
45 864
45 863
39 861
42 863
45 864
42 863
43 860
45 862
44 864
44 861
46 864
44 865
42 860
44 863
45 866
44 862
45 861
45 864
45 861
45 863
48 867
45 861
43 861
47 868
48 865
45 863
47 868
49 866
44 866
49 871
52 872
45 871
47 872
49 876
48 877
48 873
49 873
48 874
48 869
49 865
53 864
50 849
46 831
50 814
53 783
50 744
50 696
52 641
49 578
52 502
57 429
51 354
49 277
51 210
65 151
111 115
176 108
240 104
318 104
399 105
453 100
461 103
442 104
441 99
462 101
472 104
462 102
433 102
391 102
353 103
300 102
218 101
121 106
53 107
54 104
56 113
48 135
46 173
50 224
51 278
52 331
49 385
49 441
49 495
46 543
51 588
51 629
44 664
46 693
50 722
51 747
49 764
47 781
51 801
56 816
56 829
57 835
56 843
58 847
57 851
57 852
56 855
55 854
53 859
55 858
55 861
54 859
49 859
50 858
47 858
49 858
48 857
50 861
52 861
49 863
48 859
44 857
46 858
49 859
52 862
55 860
54 859
57 856
57 858
63 857
62 858
60 856
53 857
54 857
50 857
51 857
47 855
48 856
49 856
50 859
52 859
51 860
53 858
53 861
55 859
53 862
55 858
52 858
56 858
56 859
60 858
58 859
60 857
59 860
63 858
63 861
62 858
58 860
60 859
60 860
64 858
59 858
60 856
59 858
66 856
74 857
82 856
79 855
90 856
119 856
148 857
148 857
132 855
113 858
117 857
117 859
113 856
92 858
84 858
89 859
102 858
99 859
87 857
76 860
82 858
76 860
67 857
60 858
61 858
58 860
58 858
55 859
55 857
53 859
55 857
53 858
55 856
52 857
51 855
50 857
49 855
48 856
47 854
49 856
48 855
49 855
47 853
47 853
45 853
49 855
47 855
49 854
46 854
49 855
46 857
49 857
47 857
50 855
48 857
52 856
50 858
52 856
49 858
52 857
49 859
52 857
49 858
51 856
49 858
52 857
50 859
52 856
49 857
52 856
50 859
52 858
49 858
50 856
48 858
50 857
48 858
50 856
46 857
49 857
46 857
48 856
45 856
47 855
46 855
47 856
46 855
47 855
46 854
47 856
47 856
46 858
47 857
47 859
48 859
48 862
48 860
45 861
46 857
42 859
44 857
41 857
42 856
42 856
44 860
46 859
46 863
46 860
43 861
45 859
40 860
43 858
39 856
42 856
43 857
44 861
47 860
45 861
46 858
41 858
43 858
42 857
43 859
45 859
44 863
45 861
40 861
41 857
40 857
43 861
45 862
43 863
42 859
37 857
40 860
44 861
43 863
43 859
39 858
41 861
43 862
41 865
40 859
38 857
41 862
44 863
40 863
40 859
40 858
42 864
44 861
39 860
42 860
42 862
40 863
40 860
39 860
42 864
43 861
37 861
40 860
42 862
42 862
41 859
39 860
42 865
43 863
38 860
41 860
42 863
41 865
39 861
39 859
42 863
43 861
38 860
42 864
44 863
38 862
36 860
37 862
37 866
36 860
36 859
39 864
41 862
35 861
38 865
38 862
31 861
34 868
33 864
34 862
36 864
34 862
36 865
36 865
36 861
39 863
35 864
36 862
40 864
37 863
38 861
40 864
37 864
38 862
41 863
40 864
39 861
41 863
42 864
41 860
42 861
41 865
40 861
41 862
43 866
40 861
39 861
41 866
41 862
39 862
42 866
40 861
39 862
43 867
41 862
40 860
43 865
43 862
42 862
44 866
44 861
40 860
45 866
46 864
40 860
43 864
46 862
40 861
44 865
45 863
39 861
42 865
45 865
40 862
44 863
46 862
41 861
44 865
47 864
41 862
44 863
47 864
42 864
45 863
48 863
44 863
44 862
47 865
47 867
45 862
45 863
47 869
46 866
47 866
49 870
49 868
44 869
49 875
52 875
45 873
47 874
49 876
47 876
49 871
49 868
49 865
48 854
50 842
53 829
51 799
46 765
51 729
53 680
50 623
52 555
52 487
48 415
52 336
57 269
55 206
57 144
78 111
159 108
267 106
351 104
394 103
420 104
447 102
467 99
469 103
446 104
442 98
457 101
458 105
431 101
364 102
285 104
231 103
182 102
121 102
54 107
45 110
52 112
55 143
47 190
48 231
50 285
50 339
51 389
49 441
49 494
47 541
46 583
51 625
52 661
46 694
48 723
51 753
55 781
56 800
55 818
54 829
56 839
54 843
53 846
51 848
52 852
52 852
53 856
54 855
52 858
55 858
52 861
53 859
48 858
49 857
48 858
50 862
52 862
48 862
47 858
43 858
47 861
50 862
48 863
48 859
45 858
50 857
53 856
57 856
59 854
59 855
58 854
57 855
52 853
52 855
49 855
51 857
52 857
52 858
52 857
52 860
54 859
52 861
54 857
50 858
52 856
50 857
55 856
53 855
55 854
54 855
59 855
59 856
61 855
57 857
60 856
60 858
63 857
58 856
58 855
56 856
61 856
62 856
64 856
62 854
66 856
81 856
105 858
128 855
124 856
121 855
133 856
145 854
139 855
112 853
91 854
92 854
100 855
102 854
89 854
78 854
85 856
93 855
93 855
73 853
65 854
61 855
60 855
56 855
56 855
53 857
56 857
53 858
56 856
53 857
55 856
52 859
55 857
51 859
53 856
50 859
52 857
50 860
52 857
51 858
50 857
51 859
52 857
50 857
50 854
49 857
50 855
49 857
48 854
48 856
48 854
49 857
49 855
48 855
47 853
49 855
47 854
49 855
47 853
47 854
46 854
48 855
47 854
47 854
46 853
47 854
46 855
47 856
45 855
47 854
44 855
46 856
45 855
46 855
45 853
47 855
46 854
48 856
46 854
47 855
46 855
47 858
48 857
49 858
49 856
49 859
51 858
50 861
49 858
48 859
50 858
48 861
50 858
46 858
47 857
43 857
46 857
44 857
44 856
44 855
44 859
46 859
45 862
47 860
44 861
45 859
42 860
43 858
40 857
41 856
42 857
44 860
45 860
45 862
45 860
42 861
42 859
39 858
42 857
43 857
43 861
46 860
44 862
44 858
40 857
42 859
44 860
44 864
44 861
39 859
41 858
41 859
43 864
44 862
39 861
39 859
41 859
43 864
45 860
39 859
41 859
42 861
43 865
43 860
37 859
41 861
43 863
42 865
40 860
39 858
41 863
45 862
40 861
41 860
42 861
41 865
40 861
38 859
42 863
43 862
38 862
39 860
42 861
42 863
42 859
39 859
42 864
44 863
38 861
40 860
42 862
41 865
40 861
39 859
42 863
44 861
38 860
40 863
41 863
37 862
34 860
37 862
39 866
38 861
38 859
40 864
38 862
33 862
35 866
34 862
32 863
33 867
32 863
37 863
36 863
37 862
38 865
35 864
37 863
40 864
34 863
36 863
41 864
37 862
40 862
42 864
37 863
40 862
43 863
39 863
39 860
43 863
42 864
42 860
43 862
41 866
40 861
40 863
41 866
39 861
39 862
41 865
41 862
42 863
41 865
39 861
41 863
42 867
41 861
42 861
43 865
43 861
44 862
45 866
44 860
41 861
45 867
44 864
40 860
43 864
44 862
40 861
44 867
44 863
40 860
43 867
44 864
42 861
45 865
45 862
42 861
45 867
46 864
42 860
46 865
46 864
42 861
47 865
50 863
44 862
46 864
50 866
46 865
47 865
48 867
46 870
46 868
50 870
50 873
48 870
46 872
49 879
50 875
46 872
49 876
50 873
46 868
51 863
54 854
48 840
49 818
53 793
53 759
52 710
50 657
51 601
52 532
53 458
56 383
53 311
50 242
63 176
104 130
171 112
230 102
299 105
381 106
450 101
481 103
468 104
459 101
477 101
491 103
494 102
471 101
445 100
423 103
384 105
329 100
235 104
146 106
108 102
93 108
74 116
52 132
52 174
56 223
58 275
55 327
52 378
54 433
51 485
57 532
57 578
49 619
49 651
55 685
58 719
56 743
51 768
54 789
54 808
60 824
58 834
57 841
54 847
58 850
56 854
56 853
52 854
53 854
52 855
55 857
54 856
54 859
55 859
54 862
56 860
50 858
50 857
50 859
51 863
54 862
49 861
48 858
48 858
52 863
55 862
54 862
57 859
57 859
68 858
77 859
79 857
59 858
58 858
54 860
56 859
52 859
52 856
48 858
50 857
49 857
51 857
50 855
52 858
54 857
55 860
58 858
56 859
58 857
59 860
64 857
64 859
64 856
62 858
67 857
69 860
70 857
63 859
64 858
65 861
70 859
67 860
64 857
61 858
70 857
82 858
103 856
102 857
109 856
136 857
168 857
180 857
164 855
142 857
140 856
140 859
143 857
121 858
107 857
109 860
122 859
126 859
113 857
96 859
98 858
94 860
81 857
63 858
62 856
60 860
60 858
57 859
57 856
55 859
56 857
55 859
55 856
52 857
51 855
49 858
50 856
48 858
50 855
48 858
50 856
49 858
50 855
49 856
49 854
48 856
47 854
48 855
46 853
47 854
46 854
47 855
45 854
46 854
45 854
47 855
46 855
48 855
46 854
47 855
46 856
49 856
46 855
48 855
46 855
48 856
46 857
48 856
45 856
47 856
44 857
47 857
43 855
45 855
44 854
47 856
47 855
48 856
46 854
47 856
47 856
48 858
48 856
49 858
49 857
49 860
52 858
50 860
50 857
48 860
51 859
49 861
50 858
46 858
47 857
44 858
47 857
44 856
44 856
44 855
46 859
46 858
46 861
46 860
44 862
46 861
42 861
43 857
40 857
41 857
43 857
44 860
44 860
45 862
45 860
41 861
42 859
39 857
42 857
44 858
45 862
47 860
44 861
44 857
40 857
43 859
44 860
44 863
45 860
39 861
41 859
41 859
43 862
45 861
41 862
41 860
39 859
42 861
44 860
42 862
42 860
40 859
43 863
43 862
39 862
40 859
41 861
43 865
43 861
37 860
41 861
43 862
42 863
41 859
39 860
41 865
43 863
38 861
40 860
42 862
41 865
40 861
39 859
41 863
45 860
38 861
42 862
43 862
41 864
39 860
40 860
42 866
43 863
37 859
40 862
44 863
40 863
41 860
41 861
39 865
35 861
34 861
38 865
40 862
33 860
39 863
41 864
35 862
37 865
36 864
29 862
34 868
34 864
34 862
35 865
35 863
37 865
37 865
36 861
39 864
36 866
35 862
40 863
38 863
38 861
40 864
39 866
39 861
41 862
41 865
39 862
40 861
43 865
42 860
41 860
43 866
43 863
38 860
43 865
42 863
36 861
41 866
44 863
38 860
42 866
42 864
37 862
43 866
43 863
38 860
42 865
45 863
41 861
44 865
45 863
40 861
44 865
48 864
40 862
41 862
45 863
41 863
44 863
45 864
39 863
43 863
46 865
42 864
42 862
46 863
43 863
45 863
47 864
42 863
43 861
46 865
45 866
44 861
46 862
46 865
47 862
47 864
49 868
46 863
44 864
48 870
50 869
45 866
48 871
50 871
46 872
49 875
52 876
45 875
46 873
50 875
50 875
49 867
48 862
49 858
50 843
51 826
53 807
50 775
46 737
53 697
55 645
50 583
51 512
52 442
50 369
56 291
59 227
54 169
63 116
122 107
224 107
323 104
378 103
414 103
445 102
469 101
481 101
466 102
449 103
461 98
476 102
462 105
408 99
337 103
277 104
228 102
179 103
96 106
51 108
51 112
55 127
56 172
47 220
49 264
54 321
51 375
53 423
51 477
48 528
49 571
51 612
53 654
53 689
50 725
54 756
55 784
57 805
54 821
55 833
53 842
56 847
53 850
52 851
49 851
52 854
51 854
53 857
53 857
52 861
55 859
51 861
51 858
47 857
49 860
51 861
50 864
50 860
45 858
47 859
50 861
51 864
52 861
47 859
50 857
50 856
56 856
60 854
61 854
58 854
59 856
54 857
53 856
49 855
50 856
48 856
51 857
50 856
51 859
52 858
53 862
55 859
53 861
55 857
52 858
56 858
54 858
58 857
56 857
59 855
60 858
65 857
64 858
63 856
60 858
65 858
64 859
65 857
57 857
58 856
60 857
66 856
68 855
65 855
65 854
81 856
113 855
146 855
146 853
139 854
143 855
154 855
154 855
132 854
107 855
105 857
111 858
123 857
108 856
96 855
95 856
106 856
109 856
91 854
65 855
64 857
59 857
59 856
55 857
56 856
53 858
56 858
53 858
55 856
52 857
55 857
52 860
53 857
50 859
52 857
49 860
52 858
49 859
52 857
50 859
53 857
51 859
52 857
51 858
52 856
50 858
51 857
49 858
50 855
48 857
50 856
51 858
51 855
50 856
49 854
49 857
49 856
50 858
50 855
49 858
51 856
51 859
52 855
50 857
50 855
50 858
50 856
50 859
49 855
48 858
50 858
50 860
51 858
50 859
50 858
51 860
52 858
50 860
51 857
49 860
52 858
49 859
52 857
49 858
51 857
48 859
50 858
47 858
48 857
44 856
47 857
45 856
46 857
45 856
45 858
47 858
46 862
48 860
45 862
46 860
42 861
43 859
40 857
42 857
43 857
44 860
45 860
45 863
46 860
43 861
43 860
40 859
41 857
41 856
44 860
46 860
45 863
47 859
42 859
43 857
41 857
43 860
46 860
44 863
45 861
40 861
42 859
41 858
43 861
45 861
42 864
42 860
39 858
41 860
44 860
43 863
43 860
39 859
42 861
43 862
41 864
40 860
40 859
43 863
43 862
39 863
39 860
41 860
42 863
43 860
39 860
41 863
43 863
40 863
39 859
39 861
42 866
43 863
37 859
40 861
43 863
42 864
41 860
41 860
42 865
43 862
38 861
40 863
43 863
39 863
38 861
41 861
43 865
43 860
39 859
42 865
40 864
34 861
37 861
39 863
35 864
35 861
40 862
40 864
37 861
35 865
32 867
33 863
37 865
31 863
33 865
37 864
33 861
38 866
38 863
34 862
37 867
39 864
35 860
39 865
40 863
36 861
40 866
41 862
36 860
41 866
43 864
37 861
42 863
45 862
39 862
42 864
45 864
40 863
40 861
43 864
40 866
39 862
41 862
41 864
40 862
42 865
40 865
40 861
42 864
40 865
40 862
44 864
42 863
41 861
44 864
43 866
43 861
44 863
43 865
42 862
43 862
45 865
43 860
42 861
44 867
43 863
42 861
44 866
44 863
41 861
45 866
46 863
42 861
44 866
45 864
42 862
47 867
46 863
40 861
46 865
50 863
44 862
47 864
48 865
44 864
47 866
50 868
45 868
45 866
49 870
50 873
49 871
48 872
47 877
47 874
47 873
51 878
49 873
44 868
50 869
54 862
50 850
50 835
50 816
48 790
50 750
55 709
50 659
48 594
51 525
55 453
56 375
50 299
51 228
59 170
88 121
173 105
239 106
297 107
376 101
443 103
469 105
460 100
450 100
453 104
469 101
480 100
458 101
415 103
370 103
331 101
280 105
182 106
96 102
59 108
55 114
56 121
52 159
49 210
50 262
51 316
55 371
52 427
46 479
51 529
53 578
49 618
48 651
49 686
49 718
50 738
51 759
52 781
56 798
56 816
60 827
59 838
60 842
57 849
59 851
58 855
59 855
55 856
55 856
52 858
54 856
50 856
50 856
50 856
51 860
53 861
50 863
50 859
45 858
46 859
48 859
50 864
50 861
47 861
49 859
46 857
51 856
52 854
56 855
59 854
61 855
58 854
54 855
51 854
50 857
51 856
51 859
51 858
51 861
53 859
51 861
53 858
49 858
51 856
49 857
52 857
51 856
53 855
51 854
54 855
56 855
59 855
55 854
57 854
57 856
61 856
60 856
59 855
55 854
58 856
60 856
63 856
60 854
61 855
64 855
72 856
88 855
92 855
93 854
110 856
137 855
155 856
142 853
118 855
106 854
108 855
111 854
98 854
82 854
81 856
90 855
101 855
91 854
76 855
72 854
71 855
64 854
60 854
55 854
56 855
52 856
54 855
50 855
52 855
50 856
53 855
51 857
53 855
49 857
52 856
49 859
51 857
48 858
51 856
49 859
52 858
50 859
53 856
50 858
53 856
51 860
53 857
50 858
51 856
49 858
51 857
49 858
50 855
48 857
50 856
51 859
49 856
50 858
49 855
49 859
51 858
50 859
52 856
51 858
52 857
50 859
52 857
49 858
50 856
49 860
51 858
50 860
52 858
50 859
51 858
50 860
52 858
50 859
52 857
49 861
51 859
49 859
50 857
47 858
49 858
46 858
49 857
45 856
47 855
44 857
47 857
44 856
46 856
46 856
46 859
48 859
47 861
48 859
45 861
47 860
43 861
43 858
40 857
41 856
42 857
43 860
46 859
45 862
47 860
44 862
45 860
40 860
42 857
39 856
42 859
44 858
45 862
46 859
44 860
45 859
41 858
43 858
43 857
44 861
45 862
42 864
43 860
38 857
41 858
43 861
44 865
44 862
38 860
39 858
41 860
43 864
45 860
39 859
41 859
42 862
42 865
42 861
37 858
40 861
43 863
41 865
40 860
38 858
41 863
44 861
38 861
41 861
43 862
40 864
40 860
38 860
42 865
43 863
37 861
40 860
42 862
42 864
41 860
39 859
41 865
43 863
38 861
41 861
42 863
40 865
39 861
39 860
42 864
43 861
38 860
42 863
44 864
37 861
36 860
38 864
36 866
35 861
37 860
40 864
40 862
36 862
37 867
35 862
33 863
33 868
31 863
35 864
35 864
35 862
37 865
33 864
37 864
41 864
34 862
36 864
41 864
36 862
39 863
41 864
35 863
39 863
43 865
39 863
40 861
43 863
41 864
41 861
43 862
42 865
40 861
40 863
43 867
40 862
39 861
41 866
40 862
40 862
42 866
40 861
39 863
42 867
41 863
40 860
43 865
43 862
41 862
44 867
44 862
40 860
45 866
46 864
41 861
44 863
46 863
40 862
44 864
46 865
40 862
41 862
45 865
41 865
43 862
46 863
42 863
43 863
46 865
43 864
42 861
45 864
43 866
43 862
47 863
46 864
45 861
45 864
48 868
47 864
44 862
46 868
48 867
44 866
50 870
50 870
44 870
48 873
51 875
48 876
46 873
48 875
48 877
48 871
50 868
50 866
50 855
47 841
52 827
55 801
47 764
49 722
52 674
50 617
52 545
51 474
50 401
50 325
53 255
62 192
64 139
82 111
151 105
263 106
358 106
409 100
426 103
433 104
455 98
473 101
456 103
440 100
440 99
447 102
429 103
362 103
273 101
200 104
148 106
109 102
57 107
47 114
48 119
52 155
52 202
48 251
46 302
50 355
52 410
48 461
49 508
50 557
45 600
48 634
51 670
49 704
50 731
48 758
52 782
53 802
54 818
52 830
54 840
53 846
54 849
50 851
51 852
49 854
50 855
50 854
51 856
50 856
51 861
54 860
51 862
51 858
46 858
47 859
48 859
49 863
50 861
45 861
46 859
45 858
49 861
50 860
51 862
54 861
55 861
61 859
59 859
60 857
57 861
57 859
53 861
53 858
49 859
50 859
47 859
49 858
45 856
47 856
48 856
50 858
52 857
52 858
53 857
54 860
57 858
58 860
59 856
57 857
59 855
61 857
63 855
59 856
58 854
59 858
61 857
63 859
60 857
59 859
62 858
64 861
70 858
66 859
68 857
72 860
96 858
126 860
136 857
125 859
126 857
135 860
143 857
123 858
101 856
86 858
94 856
103 858
98 855
83 858
80 857
86 858
94 855
82 857
66 854
62 856
59 854
58 855
54 853
53 854
51 854
52 855
51 854
50 854
47 854
50 855
47 856
49 856
45 856
47 855
45 857
47 857
45 858
47 856
45 857
48 857
47 859
50 858
48 859
50 858
48 861
51 859
48 861
50 858
48 860
51 859
49 861
51 859
52 860
53 858
51 861
53 859
51 861
52 858
51 861
51 859
52 861
52 859
52 860
53 857
51 860
52 859
51 861
51 858
50 860
51 859
50 862
51 860
49 861
50 858
48 861
50 860
48 861
49 859
47 860
49 859
45 860
47 859
44 857
46 856
44 857
46 857
44 857
44 856
42 855
45 857
44 856
46 859
47 856
46 859
49 859
47 861
49 859
46 860
47 858
42 858
44 858
41 857
44 857
43 857
45 861
46 860
46 863
46 860
43 862
44 860
40 859
43 857
40 856
44 858
44 859
44 863
47 861
43 862
43 859
39 859
41 858
42 858
43 861
45 860
42 862
42 859
39 858
42 861
43 861
42 864
42 861
37 859
41 861
43 861
41 864
41 861
38 859
41 861
44 861
41 863
41 860
41 860
42 864
43 862
37 861
40 861
43 863
41 865
40 860
38 859
42 864
44 862
39 861
40 860
41 862
41 866
41 862
37 859
41 864
43 864
37 863
40 861
42 861
42 864
41 861
40 860
42 865
43 862
37 860
40 862
42 864
41 865
40 860
40 860
43 865
42 862
36 860
39 863
40 863
33 862
35 862
40 864
40 864
38 860
36 862
37 866
36 862
35 863
34 866
32 863
34 866
33 866
36 863
40 863
33 862
37 866
39 865
34 861
38 865
39 865
34 861
39 866
42 862
37 860
41 866
42 864
38 861
41 864
43 863
37 862
41 864
45 863
40 861
42 862
43 864
39 864
40 862
42 864
39 864
39 862
42 864
41 864
41 862
43 863
39 865
40 862
43 865
41 865
40 861
43 863
44 865
44 862
44 862
43 865
42 861
42 863
45 867
42 862
39 860
43 866
44 862
42 862
44 866
42 862
41 862
45 867
44 863
42 861
44 865
45 863
43 862
46 867
45 863
41 860
46 867
47 865
44 862
46 865
48 863
43 863
47 866
51 867
44 866
45 866
48 870
47 872
47 870
48 871
48 875
47 873
48 874
51 878
49 873
43 870
49 872
51 866
48 856
48 843
51 826
48 801
50 765
55 724
50 671
48 603
48 530
54 452
55 372
48 293
51 216
58 157
79 116
161 104
246 105
307 107
375 100
436 101
460 104
456 102
443 101
441 102
456 102
464 101
437 99
371 103
292 104
240 99
186 103
103 107
49 106
50 111
52 129
52 171
49 221
48 274
49 337
46 395
51 452
50 510
44 562
46 606
50 649
50 686
47 711
46 738
48 764
48 779
46 792
49 808
48 816
44 824
48 830
52 836
53 843
55 844
55 850
60 851
60 853
58 850
56 852
53 852
54 854
53 854
52 854
50 853
52 857
51 856
53 860
52 858
51 861
52 860
50 861
51 859
46 857
48 858
49 860
51 863
55 862
51 862
52 858
52 858
56 863
57 863
51 863
49 859
46 858
48 857
49 855
51 854
50 853
53 854
52 856
55 857
53 858
56 857
54 860
56 859
55 861
56 858
52 860
54 859
52 860
55 859
51 856
53 856
53 856
58 859
62 859
59 860
61 857
61 860
66 857
66 858
64 854
63 855
62 853
70 855
83 854
94 854
95 853
106 857
130 856
150 858
147 856
124 859
110 858
110 861
118 859
108 859
91 856
82 859
89 858
98 859
96 855
78 856
73 854
70 856
64 854
59 854
54 853
53 855
50 855
51 856
50 854
50 855
49 854
51 856
50 854
50 854
47 853
47 855
45 855
47 856
45 855
47 855
44 856
47 856
45 857
47 855
45 856
48 856
45 858
47 858
44 857
46 856
44 858
47 857
45 858
48 856
47 857
51 857
49 859
52 858
50 860
52 858
50 861
52 859
50 862
51 859
49 860
51 859
50 861
52 859
49 861
50 858
48 861
50 859
48 861
49 858
46 859
49 858
46 859
49 858
45 858
47 856
44 858
46 858
44 857
46 856
43 855
46 856
45 855
47 857
46 854
46 856
46 856
47 858
49 857
47 859
49 857
48 861
50 859
48 861
49 858
45 858
46 858
42 858
45 858
42 856
44 857
44 858
45 861
47 861
45 862
46 859
42 861
43 859
40 858
41 857
42 857
44 862
46 862
44 864
44 860
40 859
41 858
41 857
43 860
45 859
44 862
45 860
40 860
42 859
42 859
42 863
44 862
40 862
41 859
40 858
43 862
44 862
41 864
40 860
39 858
42 862
44 861
41 862
41 860
41 859
41 863
43 862
38 861
40 860
42 861
42 864
42 862
37 860
41 863
44 861
40 861
40 860
41 862
42 866
42 861
37 859
40 863
43 864
40 864
39 860
40 860
42 864
43 862
38 860
42 863
44 862
39 863
39 860
41 862
42 865
41 861
38 859
42 864
45 863
38 861
40 861
39 864
35 865
35 861
37 861
40 865
39 862
35 861
38 866
38 862
34 862
34 868
32 863
33 865
34 867
33 862
37 864
36 864
37 864
39 865
35 862
37 864
39 865
34 864
37 863
41 863
37 862
40 864
43 865
38 862
40 861
42 864
39 865
40 861
43 862
42 863
41 861
42 864
41 867
40 861
40 863
40 866
39 862
41 863
42 864
41 861
41 863
41 867
40 862
41 862
43 866
40 862
41 862
45 866
44 861
42 861
44 867
44 863
41 861
44 866
43 863
38 861
42 866
45 863
40 861
43 867
43 863
41 862
45 868
44 863
40 860
44 866
47 863
43 861
46 866
46 863
41 862
46 866
48 865
42 862
44 862
49 864
45 865
48 864
48 866
45 867
45 865
48 868
50 873
47 869
45 869
48 876
50 874
47 873
49 877
49 874
44 872
49 873
53 871
45 863
46 856
51 847
48 832
52 811
52 787
47 755
47 711
52 667
53 614
49 547
49 478
51 410
53 337
54 269
55 205
57 153
65 116
136 105
240 107
314 108
364 101
406 103
438 105
460 100
462 101
442 104
435 102
452 100
464 101
447 104
393 103
335 100
292 103
236 105
166 100
81 105
49 110
50 107
54 115
50 142
47 184
46 230
51 278
54 330
47 384
50 437
52 501
55 565
58 624
54 678
56 725
54 767
59 796
57 819
57 830
53 840
54 845
51 851
53 852
48 853
50 853
48 854
50 858
52 859
51 862
51 860
46 861
47 859
48 858
49 861
51 860
48 862
48 860
46 859
48 862
49 862
46 863
47 859
45 858
50 858
51 858
54 860
57 858
62 859
63 856
60 856
57 855
55 857
53 857
52 858
52 857
52 861
52 860
52 864
52 860
49 861
49 860
47 859
50 858
47 855
50 856
50 855
53 857
55 855
55 855
55 853
57 854
57 854
60 855
56 854
56 855
55 855
59 857
61 856
58 857
58 856
58 860
64 859
67 862
69 858
66 859
73 858
89 860
121 858
135 859
130 856
120 859
129 857
131 858
123 855
98 857
83 855
87 858
98 857
98 858
86 856
76 859
84 858
89 860
84 856
66 857
63 856
61 858
59 855
56 856
54 854
52 856
53 855
52 857
52 854
51 855
49 854
51 856
48 855
48 855
47 853
47 856
47 855
48 857
47 854
48 854
46 853
47 855
45 855
48 854
45 855
48 856
46 857
48 858
46 858
48 857
46 859
49 858
47 859
50 857
48 858
51 858
48 860
51 859
48 859
51 858
48 860
52 859
50 860
52 858
49 859
51 858
49 861
51 859
48 860
49 858
46 860
48 859
45 859
47 857
45 856
47 857
45 857
48 857
44 856
46 855
43 856
46 856
45 856
47 855
46 854
47 856
46 855
47 858
47 855
47 858
48 857
48 861
50 860
47 860
49 858
46 860
48 859
44 860
45 857
42 856
44 857
43 858
45 861
46 859
45 862
46 860
43 862
44 859
40 857
41 856
42 857
44 861
45 861
45 863
45 860
41 861
42 859
40 858
43 858
44 857
45 862
47 861
43 862
43 858
40 857
42 860
44 861
44 865
44 860
38 859
40 858
41 860
43 865
44 862
39 861
38 859
40 859
43 864
45 861
40 860
40 860
42 862
43 866
43 861
37 859
41 861
43 863
41 865
40 860
39 858
41 864
44 862
39 862
41 860
43 862
41 865
40 861
39 860
42 865
43 863
37 862
40 861
43 863
42 863
41 860
40 860
42 866
43 863
37 860
41 861
43 863
40 865
39 862
41 860
42 864
41 861
36 861
39 866
40 863
34 860
37 863
39 865
37 864
38 861
40 863
34 863
34 865
36 866
30 862
36 866
35 865
31 862
36 867
38 862
37 862
38 867
36 863
37 863
39 867
37 861
37 861
39 866
40 862
39 861
42 866
40 862
38 861
42 867
43 863
38 860
42 864
45 863
40 862
43 864
44 863
38 862
41 863
43 865
38 864
39 862
42 864
39 864
41 864
44 865
38 862
40 864
43 866
39 865
42 863
45 863
40 863
44 863
46 865
42 864
42 861
44 864
42 866
41 862
44 863
44 864
42 861
43 863
44 867
42 861
42 862
44 867
42 863
43 862
45 865
43 861
43 863
46 867
44 863
42 862
45 866
44 863
44 862
48 867
48 863
43 861
47 868
49 866
44 865
47 869
48 869
43 869
47 870
51 873
48 873
46 872
48 875
48 878
48 873
47 872
49 874
48 867
46 859
52 854
53 837
46 815
49 791
53 758
50 715
51 660
50 603
48 539
49 461
54 386
53 313
50 240
52 177
70 124
131 111
213 106
279 102
345 104
408 106
450 100
463 103
442 105
434 99
452 101
461 103
456 101
417 100
360 102
313 104
260 104
188 102
96 105
49 109
52 106
54 117
48 149
46 190
49 241
50 296
49 351
47 404
48 458
49 510
47 556
50 599
50 638
44 671
46 699
51 729
53 758
53 777
49 796
52 812
52 826
55 836
52 843
53 846
50 850
53 852
50 855
51 854
47 854
50 855
50 856
52 859
53 859
50 861
52 859
48 860
49 859
47 858
49 861
50 862
48 864
49 861
45 858
47 857
48 857
51 859
54 858
56 858
59 856
60 859
62 858
60 859
57 857
54 860
53 859
52 862
53 861
50 862
51 859
48 860
50 859
47 859
50 857
48 855
49 856
49 856
52 856
51 855
52 855
53 854
56 856
56 855
57 855
55 854
57 855
58 855
61 856
58 854
57 856
56 855
60 858
63 856
62 857
61 855
62 857
69 855
79 857
94 854
94 856
99 855
121 857
141 855
144 856
123 853
102 855
98 854
102 856
101 854
85 854
74 854
81 856
89 855
93 855
78 853
69 855
67 854
64 856
56 854
56 854
52 855
53 856
51 857
52 856
49 856
51 856
49 857
51 857
48 857
50 856
47 858
50 858
48 860
49 858
47 859
50 858
48 860
52 859
50 860
51 858
52 860
53 858
51 861
51 858
49 860
49 858
49 860
50 858
52 859
52 856
51 858
51 856
51 859
50 856
50 858
49 856
50 859
51 858
51 858
51 856
50 857
51 856
50 858
50 856
49 857
49 856
49 859
50 858
50 859
51 857
50 860
50 859
49 861
50 858
49 860
51 858
50 862
52 860
50 861
52 859
49 862
51 860
49 862
50 859
47 860
49 859
46 861
47 860
43 859
44 857
40 857
44 857
44 856
44 858
45 856
45 861
48 860
46 862
48 859
43 859
44 857
41 858
43 858
43 857
44 859
46 859
45 864
46 861
43 861
43 859
39 858
41 858
42 859
44 860
44 860
45 863
46 861
41 862
42 859
40 856
42 859
44 860
45 863
46 860
40 859
41 859
41 860
43 865
44 862
39 861
40 859
41 859
43 865
44 862
39 861
38 860
40 860
43 865
45 861
39 860
41 861
43 863
41 866
41 861
37 859
41 864
44 864
39 863
39 860
40 860
41 864
42 861
39 860
42 863
43 862
38 862
39 861
42 863
41 865
40 860
38 859
42 864
44 863
39 861
41 861
42 863
40 865
39 861
40 860
42 865
42 863
37 861
41 864
44 862
37 861
37 861
36 864
36 865
36 860
37 861
41 866
38 863
34 862
37 866
36 862
33 863
33 867
32 863
36 865
34 865
34 864
39 865
34 863
38 865
40 864
33 862
37 866
40 865
34 861
38 863
42 863
37 862
40 865
43 864
38 862
40 862
43 865
39 864
40 861
44 862
42 864
42 862
42 863
42 866
40 861
39 862
42 868
39 863
40 862
42 865
40 862
41 864
41 867
40 862
41 863
41 866
40 863
42 863
44 865
43 861
42 862
44 867
43 863
42 861
44 866
42 863
40 861
44 866
46 862
40 860
44 866
45 864
40 862
45 866
45 864
39 861
45 866
47 864
42 861
45 866
45 864
42 862
46 867
48 864
41 861
44 864
49 865
45 864
47 864
48 866
44 868
45 866
49 870
48 873
45 869
46 871
49 876
50 873
47 873
47 877
48 874
45 871
50 872
52 867
45 858
48 847
52 832
52 810
50 775
50 738
49 694
50 632
53 566
53 494
50 418
46 342
53 266
60 202
67 145
86 108
140 107
238 107
346 101
419 102
427 105
426 102
446 102
463 103
466 102
446 101
431 100
428 102
401 103
350 98
255 103
154 106
101 102
69 106
53 111
49 114
48 138
50 184
50 236
47 287
49 339
49 398
45 455
48 503
52 553
46 597
46 633
49 670
49 704
47 724
45 746
49 772
53 790
52 808
54 819
52 831
55 838
54 846
57 850
54 853
56 853
52 857
54 857
51 859
52 857
47 857
49 856
47 856
50 859
51 858
50 862
52 860
48 862
49 859
46 858
47 860
49 861
48 864
50 861
46 859
48 857
48 856
54 857
58 856
60 856
58 855
56 856
55 856
54 858
50 857
51 859
52 859
51 863
54 861
51 862
51 859
48 861
51 859
49 859
51 857
48 857
51 856
51 856
54 857
53 855
55 855
53 856
58 856
57 858
60 856
55 857
57 857
56 858
60 858
57 856
57 856
55 855
59 856
63 855
66 855
63 854
67 855
83 855
113 856
136 854
128 854
116 854
120 856
124 855
121 855
97 854
81 855
79 856
90 856
94 855
82 855
71 855
76 856
80 855
79 855
60 854
60 855
56 856
57 856
52 857
53 856
50 857
53 858
51 858
53 857
50 858
52 857
50 860
52 859
49 860
50 858
47 860
50 859
48 861
50 858
48 859
51 859
50 861
51 859
51 860
52 858
50 861
51 859
50 861
51 858
50 860
50 858
50 860
51 859
51 860
50 857
49 859
50 859
50 861
51 858
50 860
51 858
51 861
52 859
51 860
51 857
50 860
50 859
49 861
50 858
49 861
51 859
51 862
52 860
51 861
51 859
48 861
50 860
49 862
50 859
47 860
50 859
46 861
49 860
45 859
47 856
44 858
46 858
44 858
46 857
43 855
45 856
45 856
46 859
47 857
46 860
48 859
46 862
49 860
46 860
46 858
42 858
44 858
41 857
44 858
44 857
45 860
46 860
46 864
47 860
43 861
44 859
40 859
43 858
41 857
43 859
45 860
45 864
46 862
42 862
42 858
39 858
43 859
44 860
44 863
46 860
41 861
42 859
41 859
44 862
44 861
41 863
41 860
39 859
42 862
44 862
41 864
40 860
39 859
42 863
44 861
40 862
41 860
41 862
42 865
43 861
37 860
41 862
42 864
41 865
40 860
38 859
41 864
44 863
39 861
41 860
43 862
41 866
40 861
39 859
42 865
43 863
37 862
40 861
42 862
42 863
41 860
40 861
42 866
43 862
37 860
40 862
42 864
40 865
40 860
41 860
42 864
42 862
35 860
39 865
40 863
34 861
36 862
39 864
40 865
38 860
37 862
36 866
33 863
35 865
33 865
33 864
36 867
31 864
36 866
41 863
34 862
37 868
38 864
34 861
38 866
38 864
35 862
39 867
41 862
38 860
41 866
41 863
37 862
42 866
43 863
37 861
42 865
45 864
40 861
42 863
44 864
38 863
41 863
43 865
38 864
39 862
43 864
40 864
41 863
43 864
38 863
40 864
44 866
40 864
41 862
45 863
43 864
44 863
46 864
42 864
42 861
43 864
43 867
42 862
42 861
43 865
43 862
43 864
44 867
41 861
41 863
44 867
43 863
43 862
44 865
43 862
43 864
46 868
44 862
43 862
45 867
45 864
44 862
47 866
48 863
43 863
48 868
49 868
44 865
46 868
49 870
45 871
47 871
51 873
47 874
46 873
49 875
49 878
48 872
46 870
48 873
50 866
47 856
51 847
52 828
46 803
51 770
54 730
51 679
49 611
50 540
53 464
52 382
52 300
52 224
55 160
69 116
143 103
249 106
313 106
372 100
426 102
451 104
463 102
449 102
436 102
445 103
452 102
436 99
364 103
267 104
201 99
148 103
91 109
48 108
49 114
51 142
52 192
49 245
49 302
49 365
45 427
49 482
51 540
45 591
45 631
48 672
49 708
48 731
46 754
47 778
48 792
45 803
48 816
49 825
43 831
46 835
50 840
52 846
54 846
53 849
58 850
58 854
62 852
60 855
59 853
58 857
57 855
55 857
53 854
52 857
54 857
52 860
54 859
52 861
53 859
50 861
51 859
47 858
48 858
49 859
51 864
55 862
53 862
52 859
50 858
53 862
55 863
50 864
48 859
44 858
48 859
50 857
52 857
53 854
54 854
52 853
54 855
52 856
54 856
52 858
55 858
53 860
55 858
52 859
53 857
52 859
55 858
53 857
54 857
54 857
58 861
62 860
62 861
61 858
60 860
65 858
65 860
68 856
64 857
66 854
69 857
79 855
100 856
104 854
104 857
121 856
138 860
148 857
127 860
107 859
98 861
105 859
107 860
94 858
78 860
83 858
88 860
95 857
80 858
71 855
69 857
64 854
59 855
55 853
54 855
53 855
53 857
51 855
51 856
51 855
52 857
52 856
51 856
49 853
50 855
48 854
48 856
47 854
47 854
45 854
46 856
45 855
46 855
44 854
47 855
44 856
46 856
43 855
44 855
43 855
46 856
45 855
47 855
44 854
48 855
46 856
49 857
47 857
48 856
46 857
49 857
46 858
49 857
46 857
48 856
46 858
48 857
45 858
47 856
44 857
47 857
45 857
47 856
43 855
46 856
45 856
47 856
46 855
46 855
46 855
46 858
47 857
48 859
48 856
48 859
51 859
50 862
52 858
48 860
50 858
48 861
50 859
46 860
47 857
43 857
46 857
44 857
46 857
45 856
45 858
46 859
46 862
47 860
44 862
46 860
43 862
44 859
40 858
43 857
40 856
44 859
45 860
44 863
46 860
43 862
44 861
40 860
41 858
41 857
43 860
45 860
45 863
46 860
40 859
42 859
42 859
44 864
46 862
42 862
42 859
37 859
43 861
44 862
42 864
42 861
38 860
41 861
43 861
42 863
42 860
39 860
42 863
44 864
40 863
40 859
40 860
42 866
43 863
38 861
40 860
42 862
42 865
42 860
39 859
41 864
43 864
38 862
40 861
42 862
41 865
40 862
38 860
41 864
44 862
38 861
41 862
43 864
41 865
39 860
39 860
41 866
42 864
36 861
40 862
44 862
40 863
40 862
41 863
39 865
36 860
34 862
37 866
39 863
35 860
40 863
42 864
34 863
36 865
37 864
30 862
34 867
35 866
32 862
37 866
36 862
37 864
37 868
36 862
38 863
37 866
35 863
38 864
39 865
38 861
40 863
39 866
39 862
41 863
42 866
40 861
40 862
43 866
43 861
41 861
43 866
42 863
38 862
43 867
43 863
36 861
42 866
44 864
39 862
42 866
43 863
37 862
42 867
45 864
38 861
42 864
45 864
41 862
44 864
46 864
39 862
43 863
46 866
41 864
41 862
44 863
41 864
42 864
44 865
41 864
41 862
44 865
42 866
42 862
45 863
43 863
43 862
46 865
44 866
43 861
45 863
45 867
44 863
45 862
47 865
46 862
45 863
48 868
48 865
42 863
47 869
49 869
45 868
48 871
50 872
45 872
48 874
50 876
48 877
46 872
47 873
50 875
49 868
48 860
50 855
50 839
47 820
52 800
54 767
46 727
48 682
52 631
49 569
52 496
52 425
48 354
50 278
57 215
65 159
74 116
111 107
200 105
307 105
390 104
420 102
426 103
435 104
455 99
469 102
446 105
432 99
437 101
433 104
402 102
324 102
232 103
165 104
119 104
81 103
52 109
44 116
49 128
53 174
48 223
46 267
48 320
49 375
50 426
49 475
48 525
48 570
45 611
50 651
53 691
54 730
55 762
56 793
59 813
59 830
59 838
56 847
57 850
56 855
57 855
52 858
53 858
51 861
52 859
47 858
47 856
47 856
49 861
52 861
50 863
50 859
45 859
47 860
48 861
48 864
48 861
43 860
44 860
46 861
49 864
51 862
48 861
53 858
55 858
60 856
56 856
57 857
53 859
55 858
51 860
52 858
48 858
49 859
47 859
49 857
46 855
49 857
50 857
52 861
54 859
53 860
55 859
55 861
59 859
58 860
61 857
59 859
62 858
63 860
65 858
61 860
61 858
62 861
64 860
62 861
61 858
57 859
61 858
62 858
69 857
64 856
67 856
79 856
109 856
135 855
131 855
115 855
113 855
115 857
119 856
98 858
82 856
79 860
89 858
95 859
87 857
73 858
76 858
78 858
80 857
64 857
63 856
60 859
60 858
57 860
58 857
55 860
57 858
55 861
56 858
53 859
55 857
52 860
53 858
52 860
51 858
50 859
52 858
51 860
52 858
51 859
52 857
50 859
52 857
49 857
50 855
49 857
49 856
49 858
49 856
49 857
49 854
49 857
49 855
48 856
47 854
48 855
47 855
49 857
47 855
48 856
48 855
48 857
49 855
48 856
47 854
47 856
47 855
48 858
48 856
48 858
49 856
48 860
50 858
50 860
51 858
50 860
52 858
49 861
52 859
48 860
51 858
48 860
50 858
47 859
49 857
46 858
48 857
45 858
47 857
44 856
44 856
44 856
47 858
46 857
46 859
46 858
46 863
49 860
45 863
46 859
41 860
42 858
41 858
43 858
42 857
45 861
46 861
46 864
46 861
41 861
41 858
39 858
43 859
44 859
44 862
46 860
44 862
45 860
41 858
42 858
42 859
43 864
46 862
42 863
42 858
39 858
42 860
44 862
44 864
44 861
38 860
40 860
42 860
43 864
45 860
39 860
41 860
42 862
43 865
42 861
37 859
41 862
43 863
41 865
40 860
38 859
42 864
45 863
39 862
40 860
41 862
41 866
40 862
38 860
41 864
42 863
37 863
39 862
42 862
42 864
41 860
39 861
42 866
43 863
37 860
41 862
42 864
39 865
39 861
40 860
42 865
42 862
38 861
42 865
43 863
36 861
37 862
38 865
36 865
36 860
37 861
38 866
39 862
38 862
38 866
34 862
32 864
33 868
32 863
36 864
33 864
34 865
37 866
33 863
37 865
39 865
33 863
37 866
41 863
35 861
39 865
40 865
35 862
40 865
43 864
37 862
40 864
44 864
40 863
42 862
43 864
40 865
40 862
44 864
41 865
39 861
41 863
41 866
41 862
41 863
40 866
39 862
42 865
41 867
40 861
41 862
42 866
42 862
43 863
43 866
41 861
42 863
45 868
44 863
41 861
43 865
44 863
40 862
44 867
44 863
38 861
43 867
45 865
40 861
44 865
46 862
41 862
45 867
46 865
40 861
43 865
47 866
42 864
45 863
48 863
44 864
45 863
48 866
47 867
44 862
45 865
47 870
46 867
46 866
48 871
49 869
45 870
49 876
52 875
44 873
46 875
49 877
47 875
48 871
49 869
47 866
48 857
51 849
51 838
48 814
47 788
51 761
51 718
51 669
50 615
52 551
48 483
53 408
56 340
48 272
50 201
59 150
89 117
167 108
236 105
296 105
367 103
427 102
457 101
448 103
431 103
440 99
459 103
463 105
444 99
410 102
368 104
327 101
275 102
179 104
88 105
52 105
53 106
54 115
45 135
47 168
52 218
49 270
50 315
49 368
47 424
47 473
48 523
52 575
53 624
50 673
54 715
53 754
57 785
54 810
56 826
54 839
56 845
52 850
53 851
48 853
50 855
48 855
50 856
49 855
50 859
53 860
51 863
52 860
46 858
47 858
48 860
49 865
50 862
44 861
45 859
45 860
48 865
50 863
44 861
45 858
46 857
51 859
55 856
57 856
58 854
59 856
58 854
55 855
50 854
50 855
50 855
49 858
50 856
50 859
51 858
51 862
53 860
51 861
51 858
48 858
51 857
51 857
52 857
52 855
54 855
54 854
59 856
59 855
59 855
56 855
60 856
59 857
61 857
55 856
57 856
56 857
61 858
64 857
60 858
62 857
67 861
78 858
100 860
106 857
103 859
113 857
131 859
141 856
121 856
97 854
85 856
89 855
97 856
87 855
76 856
76 856
82 859
91 857
79 857
68 856
66 858
63 856
60 857
57 855
55 856
54 855
54 857
53 855
53 855
51 854
52 856
49 855
50 855
47 854
49 855
47 856
48 856
45 855
46 855
45 854
49 856
47 855
49 855
46 855
49 854
47 857
50 857
47 858
50 856
47 858
50 857
48 859
51 857
49 858
51 856
49 859
52 858
49 859
51 857
48 858
51 858
49 859
51 857
49 858
51 856
49 859
52 858
49 859
50 857
46 858
49 858
46 858
48 857
45 856
48 856
47 856
49 856
46 855
47 855
45 855
47 857
47 856
49 858
47 856
48 858
49 857
49 860
50 858
47 859
48 859
48 863
50 860
46 862
48 859
44 860
46 859
42 859
44 857
40 856
43 857
43 858
45 862
46 861
46 863
45 860
42 862
43 859
39 858
42 857
42 857
44 861
46 861
44 863
46 859
41 859
43 858
42 858
44 860
46 860
45 862
46 862
42 862
42 859
39 858
42 859
44 861
44 865
45 862
39 861
39 858
40 859
42 864
46 862
42 861
41 859
41 860
43 865
44 863
39 862
40 859
40 861
42 866
43 863
37 860
40 860
42 862
42 865
42 861
39 859
42 864
44 864
38 863
39 861
42 862
42 865
41 862
37 860
42 864
44 862
39 861
40 862
42 863
41 865
40 860
38 859
42 866
43 864
38 862
40 861
42 862
41 864
41 861
41 862
42 865
42 862
37 861
41 865
41 864
35 862
36 861
38 863
37 865
38 862
40 862
38 866
35 862
35 865
34 867
33 863
36 864
32 864
34 866
37 865
32 862
37 866
39 865
33 862
38 866
41 863
35 861
39 867
39 864
34 862
40 865
42 864
36 862
41 865
44 863
39 861
41 863
43 865
39 864
41 862
43 864
41 865
39 862
42 863
42 865
41 861
40 863
40 867
39 863
41 865
41 866
39 862
41 864
42 866
42 862
43 863
42 866
41 862
42 864
45 867
42 862
42 861
44 866
45 862
42 862
44 866
43 863
38 862
44 867
45 865
39 861
43 865
46 864
41 862
46 867
45 863
39 861
45 867
46 865
41 862
45 864
47 863
42 862
46 865
49 865
42 863
44 863
48 866
46 868
46 864
48 866
46 868
47 867
48 870
50 875
47 871
45 871
48 878
50 876
46 873
48 875
50 872
46 870
49 868
53 862
47 852
46 834
51 817
51 792
51 753
50 711
50 664
51 601
51 533
55 460
51 385
45 309
52 235
59 177
80 128
119 107
176 107
257 107
358 101
431 102
438 104
430 102
437 100
455 102
467 103
451 102
432 100
416 103
387 104
343 99
256 102
151 106
82 102
58 104
54 110
48 116
46 139
50 182
52 232
48 284
49 333
49 392
44 447
48 494
50 546
47 592
45 627
46 663
50 698
53 725
47 750
50 772
52 794
56 813
56 825
55 835
53 841
54 847
53 849
54 853
52 853
52 856
53 858
52 862
55 860
50 862
50 859
45 859
48 858
48 859
49 862
50 861
48 864
48 860
45 859
47 858
48 857
50 862
54 860
53 861
56 858
55 860
60 859
61 861
64 859
58 860
56 857
52 860
53 859
48 858
49 857
46 856
49 858
50 857
51 859
52 857
52 859
55 858
53 861
55 859
54 861
55 859
56 862
59 860
59 861
60 858
58 860
62 859
62 861
65 859
60 861
60 859
60 861
63 860
62 862
62 859
59 861
64 860
66 861
75 859
71 860
74 858
83 861
116 860
139 861
138 858
117 860
110 859
110 861
115 859
99 861
83 858
77 861
86 860
93 862
89 858
75 861
76 859
77 861
76 859
64 859
61 856
60 859
58 857
56 859
55 856
54 858
54 857
53 859
53 856
51 856
51 854
51 856
49 855
49 856
46 854
47 855
45 855
47 856
45 855
48 854
47 854
49 855
46 856
49 855
47 856
49 856
46 858
49 858
47 858
49 857
47 857
50 857
48 858
51 857
48 858
51 857
48 859
51 858
48 858
50 857
48 857
50 857
48 859
51 858
48 857
51 857
48 859
51 858
47 859
49 857
46 858
49 857
46 858
49 857
46 856
48 856
45 857
48 857
45 857
48 856
45 855
47 857
46 856
48 857
47 855
48 857
47 857
47 859
48 858
48 860
48 859
47 863
48 861
46 863
46 859
42 859
44 858
41 858
43 857
42 856
43 859
46 860
45 863
47 861
43 862
44 860
40 860
43 859
40 857
43 857
43 857
44 862
47 861
45 862
46 859
42 860
43 858
41 858
43 860
45 859
44 863
45 862
41 863
41 859
39 858
42 861
44 862
42 865
43 861
37 859
41 860
43 861
43 864
44 861
39 859
41 861
43 863
41 866
40 860
38 859
42 863
44 864
39 864
39 860
41 860
43 864
43 862
38 861
41 863
43 864
40 864
39 861
39 861
42 866
42 862
37 860
40 862
43 863
41 864
40 860
40 861
41 866
42 863
38 860
41 863
44 863
39 864
39 861
41 862
42 864
41 860
39 861
43 866
44 864
38 861
40 862
40 864
36 865
34 862
37 861
38 864
38 862
37 862
40 867
38 863
33 862
35 868
32 865
33 863
35 866
35 862
36 866
34 866
35 864
40 865
35 864
36 864
40 865
36 864
38 863
41 864
36 864
38 863
41 865
39 864
39 861
42 864
41 865
41 862
42 863
42 865
40 862
40 863
43 867
41 862
38 861
41 866
42 863
40 862
42 867
40 863
39 862
42 868
41 864
40 861
43 865
43 863
41 862
44 867
44 863
39 861
44 867
46 865
40 862
44 864
46 863
40 863
43 865
46 865
39 863
41 863
44 866
40 865
43 864
46 864
40 863
43 864
46 866
42 864
43 863
46 865
42 865
44 863
48 865
44 864
44 862
47 865
46 867
46 863
45 864
47 868
45 865
46 865
50 870
49 868
43 867
48 874
50 874
46 873
48 874
49 876
45 876
47 873
51 873
49 871
47 863
48 857
51 851
52 830
47 804
50 776
51 736
48 686
53 627
53 561
48 488
50 407
54 335
54 265
52 195
56 137
78 112
160 108
271 105
344 103
388 104
416 103
446 98
466 103
451 104
438 98
438 101
447 104
448 101
402 101
320 103
243 103
190 102
140 103
70 107
46 109
49 109
53 132
48 179
47 220
48 275
48 331
49 383
50 438
48 492
47 541
44 585
49 627
51 663
44 692
46 718
49 745
51 770
54 786
50 802
53 815
52 828
56 837
54 844
56 847
52 851
54 853
51 855
53 855
49 855
51 855
49 856
51 859
51 859
50 862
52 860
48 862
49 861
45 859
47 859
47 860
48 865
50 863
46 862
46 858
45 857
48 859
53 857
56 861
59 857
59 859
61 857
59 860
58 858
54 860
54 858
52 861
54 860
52 862
52 858
49 859
50 859
49 858
51 857
49 856
50 856
50 856
53 857
53 856
55 856
53 854
56 856
56 855
59 856
56 854
58 855
57 856
59 856
59 856
58 856
56 855
59 858
61 857
64 859
62 856
62 857
66 856
77 858
100 857
109 858
107 856
110 859
127 856
137 858
124 854
99 855
83 855
86 856
93 855
87 855
74 854
72 856
79 855
86 856
77 854
66 855
64 855
62 856
58 855
57 854
53 855
55 857
52 858
55 857
52 858
55 856
52 859
55 857
52 860
54 857
51 859
52 858
50 860
52 859
49 859
51 857
49 860
52 858
51 860
53 857
50 858
51 856
48 858
49 857
49 858
49 855
49 858
50 856
49 857
49 854
48 856
47 855
49 856
47 855
49 856
47 854
49 856
47 855
50 856
47 854
48 855
47 855
48 856
47 855
47 855
45 854
47 856
46 856
48 857
46 855
47 856
47 856
48 858
48 856
48 857
48 856
48 859
49 858
49 861
51 858
50 861
51 859
49 861
51 859
48 860
50 858
47 860
49 859
45 860
46 857
43 856
44 857
44 857
47 859
45 857
46 860
46 860
46 863
47 861
44 862
45 859
41 861
43 858
41 857
42 857
43 857
44 861
44 861
45 864
45 861
42 861
42 859
39 859
42 859
43 858
43 861
46 861
44 862
44 860
40 858
42 859
43 861
43 865
44 862
38 860
40 859
40 860
42 865
44 863
39 862
40 859
40 860
42 865
45 862
39 860
40 860
41 862
42 866
42 862
38 860
40 862
43 864
41 865
40 861
39 859
41 864
44 862
38 862
42 862
42 863
40 864
39 861
39 861
42 866
43 863
37 861
40 862
43 863
41 864
41 860
40 860
42 866
42 863
38 861
41 863
43 863
38 864
38 861
41 862
42 864
42 860
39 861
43 866
42 864
36 861
37 862
38 864
35 865
35 862
39 861
41 865
39 862
35 863
37 867
35 862
33 863
33 868
31 863
36 865
35 864
36 863
38 866
33 864
37 866
40 865
33 861
37 865
41 864
36 862
39 864
42 864
36 863
39 865
44 866
38 863
40 862
43 864
40 864
42 863
44 863
41 864
40 862
42 864
42 867
40 862
40 861
41 866
41 863
41 864
42 867
40 861
39 863
42 868
41 863
41 861
43 865
42 862
42 863
45 868
43 862
41 861
44 867
44 864
41 861
43 865
45 862
39 862
43 867
45 864
39 861
43 866
44 865
40 862
45 866
46 863
40 861
44 867
46 865
42 862
45 866
46 864
40 863
45 865
49 864
44 863
45 863
47 866
45 866
46 864
48 866
45 869
45 866
48 868
50 873
48 869
46 870
48 877
50 875
46 873
48 877
49 875
44 872
48 870
54 867
49 860
47 845
50 832
51 810
51 775
49 734
50 687
50 626
49 554
55 476
54 396
47 317
51 236
59 173
80 124
128 106
192 105
275 105
373 104
438 103
448 102
436 103
433 101
452 99
466 102
448 103
415 97
370 102
318 106
259 101
171 104
74 107
51 106
51 110
53 122
49 167
44 217
49 269
51 332
46 394
47 447
49 506
47 561
47 604
49 646
47 684
45 711
44 737
48 764
50 780
43 792
45 806
49 817
48 826
49 830
49 835
52 843
54 846
56 851
60 850
58 852
55 850
55 853
54 853
54 855
50 854
51 855
50 856
52 858
51 858
51 859
50 859
50 864
52 862
48 863
47 859
44 857
47 860
49 861
51 865
52 862
48 861
50 860
53 860
56 864
56 861
51 861
52 858
49 858
52 857
51 855
53 854
51 855
55 855
53 858
56 856
53 858
56 858
54 860
56 858
52 859
53 857
50 858
53 858
52 857
55 858
54 857
56 861
60 859
61 862
61 859
59 860
62 859
63 861
65 857
63 859
62 855
63 858
66 856
73 858
74 856
74 858
84 859
111 861
140 860
139 862
124 859
109 861
113 859
114 860
105 858
82 859
76 858
81 860
92 858
86 858
74 856
71 859
74 856
71 858
62 855
58 857
56 856
55 857
54 856
53 857
52 855
52 857
53 856
54 856
51 854
50 854
48 855
50 856
47 856
48 855
45 855
47 856
45 857
48 857
45 855
47 855
45 856
48 856
46 856
48 855
45 855
48 856
46 857
49 856
47 857
51 856
49 858
53 857
52 860
54 857
51 859
53 858
51 861
53 859
50 860
52 857
50 861
53 859
50 861
53 858
49 859
52 858
49 860
51 859
48 859
50 857
46 859
49 858
46 858
48 856
45 856
47 857
46 857
48 857
45 856
47 856
47 856
47 859
48 857
48 858
48 857
49 860
50 860
47 862
49 860
47 861
49 860
46 863
48 860
43 860
45 858
41 858
44 858
41 858
44 857
43 857
45 862
46 861
46 864
46 861
42 861
43 859
40 859
42 858
41 857
43 860
45 860
44 863
46 860
42 860
43 858
40 858
43 860
45 861
44 863
45 861
40 862
41 859
40 859
42 861
44 861
42 865
43 862
38 860
41 859
43 859
43 864
45 861
40 861
41 860
42 861
42 865
43 862
38 861
41 861
42 862
41 865
41 862
38 860
42 863
44 862
40 863
41 861
42 862
42 865
41 861
37 860
40 864
44 865
40 863
39 860
40 861
42 866
43 862
38 860
41 863
43 864
39 864
40 861
42 862
42 865
40 862
38 860
41 865
44 862
38 861
41 863
42 865
40 865
40 860
39 861
39 866
36 863
34 861
37 864
41 862
35 861
39 866
40 865
33 862
36 866
35 866
30 863
35 868
36 863
35 863
34 867
34 863
38 865
37 866
35 862
38 864
37 865
37 863
40 864
38 865
37 862
40 864
40 867
39 862
41 861
42 865
41 862
41 863
43 866
42 862
39 861
42 867
43 865
38 861
41 865
43 863
38 862
42 867
42 864
37 861
42 867
43 865
38 862
43 865
45 862
39 862
43 866
45 865
40 861
43 865
45 865
40 863
44 864
46 864
40 862
42 864
44 866
40 864
42 863
44 865
39 865
42 864
47 865
42 863
43 863
45 865
42 865
44 863
46 864
42 865
42 862
46 864
47 866
45 862
45 863
45 867
45 863
46 864
47 868
46 865
43 864
48 870
52 868
45 868
47 871
50 874
46 874
49 874
49 876
46 877
44 873
49 873
51 874
48 866
47 862
49 859
49 844
50 828
51 812
50 782
45 747
52 709
57 659
48 602
49 537
52 472
49 403
53 326
53 262
51 203
55 148
89 113
169 109
245 106
301 103
361 102
422 104
450 104
452 99
440 103
430 105
449 100
466 102
451 104
417 101
376 101
339 103
290 104
209 103
117 102
57 106
50 110
52 107
53 118
47 146
47 184
50 229
50 280
48 329
45 383
50 442
55 507
54 573
55 630
52 687
56 734
55 774
58 800
55 821
55 831
52 843
54 847
51 852
51 852
47 853
48 855
49 855
51 859
52 858
49 861
52 860
47 860
49 859
48 859
49 863
49 862
46 863
47 860
44 859
47 863
49 863
46 864
46 861
45 857
48 860
52 859
55 862
60 859
61 860
63 856
60 858
59 856
57 859
55 856
53 858
52 858
52 861
54 860
51 861
52 859
49 861
50 858
48 858
49 857
48 856
51 859
53 858
56 860
56 857
56 857
57 856
58 857
61 855
59 855
57 854
59 857
60 857
62 859
59 857
58 859
59 859
61 863
66 861
62 862
63 859
64 862
78 860
96 862
111 859
106 860
109 858
121 861
135 859
122 860
99 857
80 860
85 858
91 860
90 858
77 860
75 859
80 862
88 860
80 860
70 857
65 860
64 857
62 859
59 857
56 858
55 857
55 859
55 858
54 858
53 856
53 859
52 857
52 858
50 855
48 857
48 856
48 858
47 856
49 856
48 854
49 856
47 855
48 856
47 854
49 854
46 856
49 856
46 857
49 855
46 856
49 856
47 857
50 857
48 857
51 856
49 858
52 858
49 859
52 857
48 858
51 858
49 859
51 858
48 858
51 856
48 859
51 858
48 859
50 857
46 857
48 857
46 858
48 857
45 856
48 856
46 856
48 857
46 856
46 856
45 855
47 857
47 856
49 859
47 856
48 858
49 858
49 861
51 859
48 860
48 858
48 862
50 861
47 863
48 860
44 860
46 859
42 859
44 858
41 857
43 857
43 858
44 861
45 861
45 863
45 861
43 862
44 861
40 860
41 857
42 856
43 860
45 860
45 863
47 860
42 860
43 859
40 858
44 860
44 859
44 862
47 862
43 863
44 861
39 858
41 857
42 859
45 864
46 863
42 863
42 859
38 859
41 861
44 861
43 863
44 860
39 860
42 861
44 863
41 864
42 861
38 860
42 862
43 864
41 864
40 860
38 859
42 864
45 863
40 862
40 860
41 862
42 866
42 863
36 860
40 863
44 864
39 864
39 861
41 860
43 864
42 862
38 861
42 865
44 864
38 862
39 861
42 863
41 867
40 861
38 859
41 865
44 863
38 862
42 862
43 864
39 864
39 861
39 863
39 866
37 862
33 861
37 865
40 863
36 861
40 866
38 865
30 863
35 869
34 864
33 862
34 867
33 863
35 866
35 866
35 862
39 865
36 866
36 863
40 864
38 864
37 862
39 865
38 866
37 862
41 864
39 866
38 862
41 863
42 864
41 861
41 863
42 867
41 862
40 861
43 866
42 864
38 862
42 866
44 863
37 861
41 867
42 865
37 863
42 867
41 864
37 862
41 867
44 864
40 862
43 867
42 864
39 862
45 868
45 864
40 861
44 866
46 864
41 862
44 865
45 864
39 863
43 864
46 866
41 864
42 862
45 864
44 865
44 863
45 865
42 865
41 863
44 866
44 867
43 862
45 863
45 866
45 863
47 865
46 867
44 862
44 864
48 870
48 866
45 864
47 870
49 868
45 869
51 875
50 873
43 872
46 875
51 877
47 876
47 873
49 872
48 872
49 865
52 860
49 853
47 834
47 815
52 794
53 758
48 714
50 667
52 609
49 543
54 468
53 396
47 324
49 249
57 188
74 136
113 111
165 106
239 105
338 104
415 102
441 101
434 103
428 104
449 99
466 102
454 105
435 100
419 102
401 104
362 102
288 101
188 102
104 105
62 105
56 104
52 111
44 127
47 157
51 205
50 256
47 302
47 355
47 411
48 462
47 511
49 558
49 600
44 639
48 674
53 710
54 745
56 772
55 799
59 817
57 832
58 839
56 847
57 850
54 855
57 855
53 858
54 856
49 858
51 857
49 858
50 858
48 858
49 863
52 862
48 864
47 859
43 858
48 861
49 863
48 865
48 861
44 859
46 859
48 858
52 861
54 858
55 860
60 858
62 860
64 858
59 859
57 857
54 860
55 859
54 862
54 859
50 861
52 859
48 860
50 858
47 857
49 856
49 857
53 858
52 858
53 859
54 856
55 859
57 856
58 858
57 855
58 856
57 855
60 857
60 856
59 857
56 856
58 859
61 858
63 861
61 858
59 861
63 860
66 862
74 860
74 861
76 859
80 862
108 859
133 862
139 858
118 859
104 857
102 859
107 858
99 859
82 856
74 859
82 858
89 859
87 857
74 859
72 858
74 860
74 858
65 858
61 855
58 858
55 856
54 858
52 855
53 856
53 856
54 857
53 856
52 856
50 854
49 856
47 855
48 856
45 855
48 855
46 855
48 856
47 856
49 855
46 855
50 856
48 858
52 858
49 858
51 856
49 860
52 859
50 861
52 858
49 859
52 858
51 861
53 859
51 860
53 857
50 860
53 859
51 861
53 858
51 859
53 858
51 860
54 859
50 860
52 857
50 860
52 859
50 861
51 859
48 860
51 858
49 860
52 859
49 859
51 857
48 859
51 858
47 860
48 858
45 857
47 857
45 857
48 857
45 855
47 856
45 856
46 857
46 857
47 858
45 857
47 861
48 860
47 863
49 859
45 862
47 861
43 862
44 859
41 858
43 857
41 858
43 860
46 861
45 862
46 860
43 863
45 861
40 860
42 858
40 856
41 859
44 859
45 863
47 860
44 861
46 860
41 860
44 859
42 857
43 860
44 861
44 865
45 861
39 861
41 858
40 859
44 863
45 863
42 864
41 860
37 859
41 861
44 862
43 864
42 860
38 859
41 863
44 864
41 864
39 859
39 860
42 865
44 864
38 862
39 860
41 861
43 865
43 862
38 860
41 863
43 864
39 864
39 861
40 861
42 865
42 863
37 861
41 864
44 862
39 862
40 861
41 863
41 867
41 862
37 860
41 865
42 865
37 863
40 861
42 862
41 864
41 861
41 863
42 866
41 862
33 861
37 865
38 865
34 862
37 861
40 863
39 865
37 863
39 865
35 865
33 864
35 867
30 865
34 865
39 864
32 863
36 867
38 865
34 862
39 867
39 865
34 862
38 867
41 863
36 861
40 867
41 864
36 862
41 865
43 864
36 862
40 865
44 864
40 862
42 862
43 864
40 865
40 863
43 864
39 865
38 863
41 865
40 865
40 863
42 864
39 865
39 863
43 866
40 865
40 861
42 864
42 865
42 863
45 864
43 865
41 862
44 864
45 867
42 862
42 861
44 866
44 863
42 863
44 867
42 862
39 862
43 868
44 865
40 861
44 866
44 863
42 863
45 868
45 863
41 861
44 867
46 865
43 862
46 866
48 863
43 862
47 866
49 866
43 864
46 865
48 868
45 868
47 867
49 869
47 871
47 870
49 873
50 878
47 873
45 872
48 878
50 875
47 872
50 872
51 866
46 860
51 850
54 836
49 813
47 779
50 744
52 699
52 638
50 569
51 496
51 418
50 338
56 260
56 196
54 139
78 107
168 106
277 108
360 102
402 103
419 104
443 101
462 101
458 101
440 103
430 102
441 99
431 102
370 105
279 100
191 104
131 107
87 103
53 107
48 114
47 130
49 172
51 222
49 278
43 334
47 389
52 449
47 504
48 549
48 598
46 640
47 672
48 703
49 733
46 752
43 769
48 789
52 802
47 812
49 820
50 829
55 838
55 842
56 846
54 846
55 850
53 851
55 854
52 854
53 854
50 855
51 857
50 857
52 858
50 858
51 862
53 862
50 864
50 860
45 859
46 858
47 859
49 863
51 862
47 864
47 861
46 859
52 860
56 858
57 861
61 858
59 861
60 859
55 860
56 857
55 860
56 858
53 861
55 858
52 860
55 859
53 862
55 859
51 860
52 858
49 858
52 858
51 858
54 856
53 855
55 856
56 856
61 856
57 856
59 855
57 857
61 857
60 858
60 857
55 856
58 857
59 857
64 857
61 855
62 855
61 856
74 857
95 856
112 856
108 855
106 856
119 855
128 856
123 854
98 855
78 856
82 856
87 857
89 856
75 856
71 857
76 857
83 857
79 855
68 855
62 856
62 856
58 857
58 856
54 857
56 857
53 859
57 858
54 858
56 856
53 860
56 858
53 861
54 858
50 859
52 858
50 860
52 859
50 860
51 857
50 860
52 859
51 860
52 857
50 858
50 857
48 858
49 857
48 858
49 855
48 859
50 857
51 859
51 855
49 856
49 855
49 857
49 856
48 856
48 855
48 857
49 856
49 858
48 855
48 856
47 855
49 857
48 855
48 856
45 854
48 857
47 856
48 858
48 856
48 857
49 856
49 859
50 857
49 859
49 856
48 860
50 859
50 862
52 859
50 860
51 859
49 861
52 859
48 860
50 858
47 860
48 859
44 859
46 857
43 856
44 857
45 857
46 860
46 858
46 861
47 861
46 863
47 862
43 861
44 858
40 859
43 858
41 858
44 858
43 858
46 862
47 862
46 865
45 861
41 861
42 859
39 858
43 859
44 858
44 862
46 861
44 862
44 861
40 859
42 859
43 861
43 865
44 863
39 861
40 858
41 860
43 865
44 864
40 863
39 860
39 859
42 864
45 863
40 861
40 860
41 862
42 866
43 863
38 860
40 861
42 863
41 866
40 862
38 859
42 863
44 862
39 863
40 861
41 861
42 865
41 862
37 860
41 865
44 864
38 863
39 861
40 862
42 866
43 861
38 860
42 865
43 864
38 863
39 861
42 862
41 866
40 862
38 861
41 865
44 862
38 861
41 863
43 865
38 864
37 860
36 863
37 867
36 863
36 860
41 864
42 863
34 862
37 867
38 864
31 862
35 868
34 865
33 864
36 867
36 862
37 865
36 867
35 864
39 865
36 865
36 863
40 864
37 865
39 862
41 864
38 865
38 862
41 865
40 866
39 861
42 863
42 865
42 862
42 863
42 866
40 862
39 863
43 868
40 863
39 861
42 867
42 863
41 864
42 867
40 862
39 863
42 868
41 864
40 861
44 866
43 863
41 862
45 868
45 863
39 861
44 867
45 865
40 863
43 865
46 863
39 862
42 866
45 866
39 863
42 865
44 865
40 863
44 866
47 864
41 862
44 865
46 865
42 864
45 864
46 865
41 865
45 863
49 865
46 865
45 862
47 865
46 868
47 865
46 865
48 870
46 868
45 867
50 874
51 871
45 871
48 876
51 876
47 875
48 874
49 874
47 874
47 868
51 864
51 859
49 843
48 824
51 805
54 769
48 724
50 672
52 612
49 541
53 458
54 379
50 303
50 227
57 163
85 117
143 108
204 104
284 102
378 104
434 105
452 100
442 103
431 104
448 99
463 101
454 103
418 101
367 100
320 102
261 104
178 105
83 103
54 108
48 113
52 118
50 161
47 212
46 264
48 321
51 383
48 440
44 495
48 548
51 596
46 637
47 672
48 705
45 733
47 752
48 773
48 792
45 801
44 810
49 824
53 831
52 837
53 839
52 845
57 848
57 852
60 852
57 855
58 854
57 858
58 857
55 859
55 857
54 860
55 859
53 863
54 859
49 860
49 858
48 858
49 860
49 859
48 863
50 862
47 863
48 860
46 858
50 862
53 863
55 865
56 862
51 858
51 857
51 857
53 859
54 857
54 857
53 854
52 855
52 854
52 855
50 855
51 855
49 857
52 857
50 857
51 856
48 856
51 857
52 857
55 860
55 859
55 861
59 859
59 861
64 860
61 860
62 858
61 860
64 857
65 861
65 857
62 858
63 856
67 859
72 857
77 858
75 857
80 860
108 859
133 862
142 859
124 860
111 858
109 861
113 859
104 859
87 857
75 860
82 858
87 860
89 857
75 858
72 856
75 859
74 857
65 857
60 854
57 857
55 855
54 858
52 855
52 856
51 855
53 857
51 855
51 855
48 854
49 855
47 856
48 857
45 857
46 856
44 857
46 858
44 858
46 856
44 856
46 857
45 857
47 857
45 857
47 856
44 858
48 858
46 859
49 858
47 858
50 858
49 861
52 860
50 861
52 859
50 862
51 860
50 862
51 860
49 861
51 860
50 862
52 861
49 862
51 859
49 862
51 861
49 862
50 859
47 861
49 860
47 861
49 860
47 860
48 858
45 860
48 859
44 860
46 858
43 857
46 857
43 857
46 857
45 855
46 856
45 855
46 857
45 856
46 858
46 857
47 860
48 859
48 862
49 859
47 861
49 859
46 861
47 859
43 858
44 857
42 857
44 858
45 858
45 860
46 859
45 863
46 861
44 864
45 860
40 858
42 858
40 858
44 860
44 859
44 863
45 862
43 863
43 861
39 858
41 859
42 859
44 864
46 862
42 861
42 858
40 859
43 863
45 863
42 864
42 860
39 859
42 861
44 863
43 865
42 861
37 860
41 861
43 862
42 864
43 861
38 860
41 863
44 864
41 864
40 860
39 860
42 865
44 865
38 862
39 860
42 862
42 865
42 862
38 860
42 863
42 864
38 864
39 861
42 863
42 866
40 862
38 861
42 865
45 862
39 861
40 861
42 864
41 867
39 861
38 860
42 866
43 864
37 863
40 862
43 862
38 863
35 862
37 864
37 866
37 861
35 861
39 867
40 865
35 861
37 866
36 864
32 864
34 869
33 863
35 864
34 867
32 863
37 865
37 865
38 862
39 866
35 866
37 864
39 865
36 864
37 863
40 864
39 865
40 862
43 864
40 866
39 862
42 864
42 866
40 862
40 862
43 867
43 863
41 862
42 867
40 863
38 863
42 868
41 864
38 861
42 866
43 864
40 863
43 867
42 863
38 862
43 868
44 865
39 861
44 865
47 863
41 863
44 866
46 864
39 862
41 865
44 866
38 864
41 864
45 864
39 863
43 866
46 866
40 863
43 864
46 866
41 865
44 864
47 864
43 864
44 863
46 866
45 866
44 862
45 864
45 867
45 864
46 864
48 867
48 864
44 864
48 871
51 869
45 867
47 871
50 873
46 874
49 874
50 875
47 876
47 873
49 874
50 876
47 867
46 864
49 862
49 849
49 835
51 820
50 793
46 763
51 730
54 685
48 630
50 570
51 507
48 440
53 364
54 298
49 235
52 172
69 125
121 112
195 106
252 103
316 103
392 105
440 104
455 101
442 103
431 104
447 99
464 101
457 105
434 100
410 100
384 104
343 103
278 103
181 103
100 105
59 106
56 104
53 112
45 122
47 145
51 190
50 240
48 288
47 343
50 403
55 472
55 543
57 605
54 667
57 718
55 762
59 791
54 813
55 826
51 838
53 843
50 848
51 850
49 851
49 856
52 858
52 862
52 860
47 860
47 858
45 858
48 862
50 862
47 864
48 862
42 860
47 861
48 861
48 863
49 860
46 860
48 859
49 857
50 858
51 857
54 859
57 857
58 858
58 856
59 859
58 858
56 861
55 858
51 861
52 861
50 864
52 862
47 861
48 858
46 858
50 857
47 857
50 856
49 855
51 856
52 856
54 857
53 855
54 856
54 855
57 857
57 856
58 856
56 855
57 857
59 857
60 859
60 858
59 860
59 859
61 862
65 860
64 861
64 858
65 860
73 858
89 861
106 857
104 859
105 858
121 860
135 858
132 859
108 856
86 858
85 856
91 857
91 855
77 855
71 855
77 857
82 856
81 855
67 854
65 855
62 856
60 856
54 856
54 855
50 857
52 857
49 858
51 856
48 856
50 856
48 857
51 857
47 856
50 856
47 859
49 858
47 860
49 858
46 859
49 858
48 860
51 859
49 860
51 858
49 860
53 859
50 862
51 859
49 861
51 859
50 861
51 859
50 860
51 857
50 859
52 858
51 860
51 857
50 859
51 858
51 860
50 859
50 860
50 857
51 859
52 858
51 861
51 857
50 858
49 858
49 861
50 860
49 861
51 859
50 862
52 860
50 862
49 859
48 861
50 860
47 863
50 861
47 860
49 858
46 860
48 859
46 860
48 858
44 858
46 857
43 859
45 858
41 857
44 857
44 857
45 860
47 859
47 861
47 860
47 863
46 862
44 863
44 860
40 859
42 858
41 858
43 860
44 858
44 861
47 860
45 863
47 861
42 860
43 858
40 858
44 860
45 861
44 863
47 861
43 862
44 861
40 860
41 858
41 858
44 863
46 863
43 865
42 861
38 859
41 859
42 860
44 865
46 861
41 861
42 860
41 860
43 865
44 863
39 862
40 860
40 860
43 866
44 863
38 862
39 860
41 861
43 866
44 861
39 860
42 862
43 864
41 866
40 860
39 859
42 865
43 865
38 863
40 861
41 861
42 865
42 861
39 861
42 865
43 863
38 862
39 862
42 864
41 866
40 861
38 860
42 865
44 864
38 861
42 862
43 864
39 866
37 862
37 862
39 866
36 863
32 861
37 867
41 863
36 861
38 867
37 865
32 864
36 868
34 864
33 863
34 867
35 864
36 865
36 866
35 862
39 866
37 867
36 862
39 863
38 865
38 863
39 865
39 866
38 861
39 863
41 868
40 863
40 861
43 866
43 862
39 862
43 867
44 863
39 861
42 866
43 866
37 863
41 865
44 863
38 862
41 867
43 865
38 862
41 865
43 864
37 863
42 865
46 864
40 862
42 865
45 866
41 864
43 863
46 865
41 865
42 863
45 865
43 865
41 862
42 865
41 866
40 863
44 865
41 866
40 862
44 864
45 866
43 862
44 863
43 867
43 863
44 864
46 867
44 862
42 862
47 867
48 864
44 862
46 867
47 865
44 864
47 868
48 868
43 867
45 868
50 870
48 872
47 871
48 874
46 877
46 874
49 876
48 878
45 873
46 872
50 874
52 867
48 860
49 857
49 842
47 823
54 804
52 773
46 735
49 691
54 642
52 583
52 512
52 446
48 377
51 302
56 238
58 180
61 131
86 111
176 107
284 106
360 104
398 100
418 104
438 104
460 98
464 102
441 105
432 100
448 102
452 103
425 101
357 101
280 102
226 104
174 103
116 102
54 107
45 112
49 112
54 135
49 176
47 215
49 264
49 319
50 371
48 427
51 487
54 551
53 614
56 668
54 719
56 758
54 791
57 813
54 831
55 838
50 844
51 848
49 852
50 853
49 853
49 856
50 857
52 862
54 861
49 860
48 858
46 858
49 863
51 863
48 864
47 860
43 859
48 862
49 864
47 864
47 861
44 859
47 858
49 858
52 859
54 856
56 858
60 856
62 858
60 855
56 856
54 856
53 859
53 858
51 860
52 859
52 862
53 861
50 862
50 859
46 857
48 858
49 857
52 859
52 857
53 858
54 857
57 859
58 857
57 856
57 854
58 856
58 855
61 857
58 855
58 856
57 857
59 859
61 859
60 861
59 859
60 862
65 861
68 862
71 859
67 861
73 859
91 862
122 860
133 861
124 859
109 861
112 859
112 861
107 858
85 859
74 858
79 861
88 860
89 861
79 859
72 862
78 860
78 862
72 858
64 860
62 858
58 860
57 858
56 859
56 857
54 859
55 858
54 860
54 857
52 858
52 856
51 859
50 857
49 857
48 855
48 857
49 856
50 857
48 854
