42 869
44 869
47 872
49 871
46 872
47 870
43 870
46 870
45 870
41 873
41 871
37 872
38 870
37 868
39 871
42 871
42 874
45 871
42 869
45 870
47 870
48 873
49 871
45 869
47 869
48 870
48 874
49 872
45 870
46 868
46 869
48 874
50 873
46 872
45 868
42 869
39 873
40 871
35 871
38 869
38 870
42 874
45 872
40 870
41 871
41 873
34 874
35 872
40 872
38 873
38 871
39 874
38 874
40 871
43 872
42 875
40 872
40 871
44 874
46 871
40 869
44 873
47 874
44 873
44 869
46 871
47 875
47 872
44 870
48 871
50 871
46 873
47 870
48 870
48 874
48 871
42 871
45 871
47 872
45 874
43 870
43 870
46 875
48 871
42 870
44 872
46 873
42 873
43 870
45 871
46 875
45 872
43 870
47 873
49 871
44 872
44 870
45 872
47 875
45 871
40 870
45 873
49 874
45 873
44 870
46 871
48 874
48 871
48 870
48 874
49 872
45 871
51 871
53 873
49 874
48 870
49 870
54 874
58 872
50 871
50 871
54 873
58 877
61 873
51 872
53 874
57 877
60 879
64 876
51 874
52 877
57 878
60 879
69 874
56 873
56 875
67 871
85 867
117 856
101 845
77 831
86 807
117 776
151 732
134 683
109 625
131 556
200 481
291 397
346 321
396 251
471 189
529 135
559 107
548 106
531 106
538 105
555 105
566 100
537 103
479 104
432 102
393 102
345 99
252 103
160 105
127 102
136 102
148 101
111 105
66 109
65 107
84 112
100 125
69 164
52 213
55 258
59 313
61 368
53 424
47 479
51 525
56 573
57 618
53 654
47 686
51 713
56 738
58 761
55 777
49 793
55 806
56 819
60 830
56 839
58 847
57 854
63 859
62 864
62 863
59 866
61 866
59 868
59 866
57 868
55 866
55 869
57 869
56 871
56 869
54 871
56 870
54 872
55 870
50 870
50 868
50 868
52 868
52 867
53 866
52 866
54 866
55 867
57 866
56 868
60 868
62 870
67 869
68 870
63 868
58 869
58 869
55 871
56 869
53 870
55 869
55 872
57 869
57 871
57 868
55 869
57 867
57 867
57 865
57 865
54 867
60 869
60 872
65 870
60 870
61 867
61 869
63 867
65 868
61 866
62 867
67 866
76 867
91 866
85 865
80 866
102 866
144 870
189 868
194 870
196 867
209 867
229 865
237 866
213 868
191 867
187 870
200 867
211 867
198 865
185 866
189 867
206 867
214 869
199 868
177 870
177 870
181 871
181 867
143 866
102 865
78 866
68 867
68 868
62 870
63 869
62 870
61 867
59 866
55 865
55 865
54 869
58 868
56 870
55 866
53 866
51 865
51 866
50 867
53 867
52 870
56 869
55 871
56 867
52 866
51 865
50 866
51 866
53 866
52 869
57 868
57 870
59 867
56 866
53 865
54 866
55 869
60 868
58 870
59 867
56 867
56 866
56 866
52 866
54 866
52 869
56 870
55 872
57 870
56 870
56 868
56 870
55 867
55 867
52 865
51 865
51 867
53 867
51 868
53 867
50 869
54 869
53 872
57 869
54 870
57 869
55 871
55 869
56 869
53 867
51 868
52 867
53 868
51 867
49 866
45 866
46 867
43 867
44 867
41 866
43 866
44 867
47 867
47 867
48 867
46 866
48 867
48 867
49 867
47 866
48 867
49 868
49 869
49 868
49 869
49 868
50 871
51 870
50 872
51 870
49 873
51 871
49 873
51 871
47 871
48 869
45 870
47 868
45 868
47 867
45 867
48 869
48 869
49 872
49 871
46 873
49 872
45 872
46 870
43 868
45 869
47 869
48 873
50 871
46 871
46 869
43 869
47 871
48 870
46 874
47 871
42 872
42 870
39 869
38 871
39 871
38 874
39 872
36 870
39 869
44 870
47 874
49 872
45 871
46 869
46 869
48 874
50 873
47 872
47 868
46 869
49 873
51 873
48 874
47 870
45 868
48 872
51 872
47 873
41 869
36 869
36 873
39 873
38 874
40 869
42 869
44 874
43 874
36 872
39 872
41 872
35 873
38 873
41 874
37 872
39 871
42 874
40 875
41 871
43 871
43 874
43 871
41 871
45 875
46 872
41 870
45 872
47 874
47 874
46 870
46 869
48 874
50 872
46 871
48 870
50 872
46 875
47 872
44 870
46 872
48 873
43 874
43 871
45 871
45 874
44 871
41 871
45 875
46 873
40 871
43 871
45 874
43 875
44 871
44 870
45 873
47 872
43 871
46 872
47 873
43 873
43 870
44 871
47 875
46 872
41 871
45 872
49 873
48 874
46 870
45 870
47 875
49 873
46 872
47 871
48 872
48 875
48 872
49 870
49 873
52 872
49 873
51 872
56 873
53 876
52 873
49 873
56 874
62 876
54 878
51 876
50 875
56 878
64 878
54 878
51 875
53 874
65 877
88 873
76 868
59 861
66 856
94 849
129 831
117 808
92 784
93 753
125 716
163 666
159 611
152 551
192 486
278 417
374 342
423 276
456 215
500 164
539 123
564 107
556 107
537 107
539 104
556 104
569 99
547 103
496 104
451 103
421 101
385 99
303 102
208 105
157 103
157 102
169 101
139 104
89 107
74 103
97 105
121 106
97 114
55 128
56 156
62 197
67 241
54 290
47 343
50 394
53 453
58 511
56 574
56 633
59 688
62 735
63 773
58 801
54 823
58 838
57 849
61 854
54 859
55 861
53 865
57 865
56 867
54 866
50 865
53 867
54 867
57 869
55 868
56 871
62 871
79 872
136 870
181 869
221 868
275 868
333 869
354 868
317 868
270 866
245 867
250 867
257 867
234 866
205 866
194 869
211 868
222 870
205 868
168 869
140 869
118 871
92 869
59 870
58 869
57 871
60 869
60 870
59 866
57 866
54 865
56 866
55 867
55 867
52 868
56 870
56 872
60 870
57 872
59 869
60 872
63 870
63 871
63 867
61 868
62 867
68 868
76 866
72 865
68 866
78 867
103 871
140 869
144 870
141 867
152 869
189 866
224 867
221 866
204 866
195 868
204 867
206 870
185 868
152 870
140 869
147 870
161 867
147 867
125 865
118 866
131 869
152 869
144 870
127 867
115 867
120 865
121 866
93 867
68 868
65 871
68 870
67 871
64 867
59 866
58 866
59 867
57 867
58 867
56 870
58 868
57 870
56 867
54 867
51 865
51 866
51 868
54 869
54 869
57 868
55 869
55 866
54 866
50 865
52 865
51 869
56 869
56 871
59 868
55 869
56 867
56 867
54 866
55 866
53 867
57 868
57 870
62 869
58 869
59 867
58 869
57 866
56 867
52 866
54 866
51 869
55 868
53 871
57 869
54 871
58 870
58 872
59 869
57 868
54 866
55 867
53 867
54 867
52 866
52 866
51 868
54 868
54 870
55 869
53 871
56 870
55 873
57 871
52 872
50 870
46 872
47 870
45 873
44 870
41 872
44 871
43 873
44 871
42 872
46 870
47 873
51 871
50 873
51 870
48 871
50 870
48 872
50 870
46 870
47 869
45 870
48 868
47 869
48 867
45 867
48 868
49 868
50 870
49 869
50 871
51 871
51 874
53 872
49 873
50 871
46 872
48 870
45 870
45 868
45 868
46 870
49 871
50 873
50 871
47 872
48 871
46 870
48 870
47 869
48 873
50 873
49 874
49 871
44 869
46 869
46 871
49 875
51 873
45 873
43 870
39 870
40 872
42 872
38 873
38 870
35 870
40 871
44 872
46 874
48 871
44 871
46 870
49 871
50 874
50 873
46 873
49 871
50 870
50 873
52 871
48 873
49 870
50 870
52 873
54 872
47 874
42 870
38 870
40 873
41 873
35 874
35 871
41 870
47 873
49 872
40 873
39 872
41 874
40 875
39 871
40 874
39 877
39 872
44 873
43 874
42 872
42 873
44 877
43 871
41 871
44 876
45 874
42 872
46 872
49 872
46 874
47 871
49 872
50 875
49 872
44 871
47 873
51 874
48 874
45 871
44 871
46 874
50 873
43 872
45 871
46 874
44 876
44 872
43 871
44 875
44 874
40 872
45 875
47 873
42 872
44 872
47 875
46 876
44 871
44 871
46 876
47 874
43 872
45 872
47 872
45 874
46 871
48 872
48 875
49 873
44 872
49 872
52 874
49 875
47 871
47 871
51 876
56 873
48 872
49 872
51 875
53 876
56 872
53 871
52 876
54 875
54 874
64 874
60 875
54 878
54 876
58 875
69 880
61 879
50 879
51 877
58 878
70 881
64 878
52 875
58 872
81 870
116 868
121 857
91 844
82 831
118 812
157 785
160 745
132 702
126 655
177 597
244 533
294 457
332 384
393 312
480 245
541 186
560 126
553 109
549 107
570 106
584 105
579 100
559 102
539 103
529 103
504 104
441 100
350 102
274 104
253 102
243 101
205 99
149 103
116 105
139 103
168 104
155 104
109 110
77 119
96 139
119 180
94 222
56 273
51 325
56 373
63 426
54 477
52 526
49 572
57 611
67 652
60 691
61 729
64 764
73 791
84 815
71 832
62 843
60 854
68 859
71 865
65 865
60 868
62 869
63 872
68 870
59 871
58 870
55 872
64 870
88 870
129 869
161 868
206 871
263 871
281 875
244 873
160 874
93 872
63 872
58 870
53 868
54 868
54 868
57 868
57 868
57 868
55 869
59 870
59 873
61 871
58 872
58 870
55 872
58 871
57 873
56 871
54 872
56 872
56 875
58 873
55 874
56 872
55 874
60 872
60 874
63 870
62 869
60 866
62 866
62 870
65 869
63 871
68 869
84 870
125 869
165 868
185 867
212 868
253 869
279 869
272 868
247 868
234 868
248 870
260 869
253 868
231 867
226 868
250 869
278 869
272 870
247 867
224 867
232 867
248 869
249 871
244 870
247 872
278 870
303 872
308 869
292 870
291 869
305 870
313 869
297 869
265 867
242 868
236 868
232 868
204 870
164 869
129 871
116 868
100 867
82 867
73 868
71 871
75 869
73 870
65 867
60 867
55 867
54 869
52 869
52 869
49 869
51 870
51 872
55 871
53 872
56 870
56 872
57 868
56 869
54 866
55 866
53 870
59 870
58 873
59 869
57 870
56 868
58 869
58 868
56 868
55 868
58 868
58 871
63 870
60 871
61 868
60 871
60 869
60 870
56 867
56 867
54 868
55 869
56 870
57 869
54 871
58 871
58 873
62 872
58 873
60 871
58 872
59 870
60 871
57 867
56 867
53 867
57 868
55 870
54 868
51 870
52 870
50 872
49 871
41 872
40 870
36 872
40 871
38 873
38 871
35 871
39 871
40 871
46 870
44 870
47 868
46 870
49 869
48 870
49 869
46 868
49 869
48 869
50 870
48 869
49 869
49 869
51 871
52 870
52 871
52 870
51 873
54 873
54 875
54 873
50 874
52 873
49 874
50 872
46 871
46 870
46 870
48 872
51 871
50 874
51 872
49 874
50 872
48 872
48 870
48 870
50 874
52 874
50 875
49 872
45 871
48 871
50 872
52 876
51 874
45 873
45 871
45 871
47 874
44 873
38 874
37 872
35 871
39 873
40 873
39 875
44 873
43 872
49 872
51 873
51 875
51 874
47 873
51 872
52 872
52 874
53 873
49 873
51 872
51 872
51 875
51 874
48 873
52 872
49 872
45 875
40 874
34 874
36 872
40 872
44 874
48 873
43 873
45 873
46 874
42 876
38 873
38 874
39 878
40 873
42 873
42 877
42 873
43 874
44 877
43 873
40 872
43 877
46 876
41 873
45 874
47 874
45 875
47 873
51 873
50 876
48 873
45 872
51 875
53 875
47 874
45 872
47 873
49 876
49 873
43 871
45 873
47 875
45 876
44 872
43 872
45 877
45 875
41 873
45 875
47 874
42 874
44 873
47 875
46 876
44 872
44 873
47 877
49 875
43 873
45 873
47 874
46 875
47 873
47 873
48 876
47 874
45 872
52 876
51 875
46 874
47 873
52 875
54 876
52 872
49 872
51 877
56 875
56 874
56 872
54 875
53 877
57 875
65 873
69 876
58 875
54 877
61 876
72 877
76 881
58 878
51 879
59 878
72 880
73 883
56 879
52 877
68 877
101 875
120 873
93 865
75 859
103 852
146 838
163 818
135 788
120 758
151 722
196 675
221 619
223 553
258 488
345 419
438 344
501 274
526 206
547 154
569 119
591 107
595 104
576 102
566 104
578 106
590 101
572 101
507 103
440 103
403 103
376 99
329 101
242 103
185 103
193 103
222 99
224 103
172 106
138 107
158 109
192 109
194 121
132 154
83 193
86 238
109 282
106 334
53 386
51 434
60 484
81 532
89 582
59 631
62 674
82 720
127 759
143 792
111 814
83 832
98 843
128 852
134 856
96 859
71 862
89 865
115 866
123 866
84 867
64 868
77 869
94 871
100 871
68 873
64 873
71 876
88 874
88 874
61 872
56 871
65 871
76 872
77 873
62 872
61 874
69 873
74 874
73 871
64 871
64 868
66 869
72 868
70 869
61 870
62 870
65 872
70 871
61 872
57 870
54 871
58 871
58 872
56 870
53 869
55 870
57 870
61 870
58 869
59 869
57 871
66 872
69 874
71 870
65 868
64 867
75 869
102 871
142 871
149 872
173 872
233 875
302 874
343 874
352 871
358 873
388 871
409 872
404 869
360 868
318 869
311 870
307 871
296 870
248 871
218 871
226 872
245 870
248 868
218 867
199 869
218 872
251 872
261 874
237 872
215 874
235 872
256 872
259 869
218 868
185 868
194 869
207 872
213 871
188 873
186 872
216 873
256 870
274 869
245 867
214 869
200 872
186 872
143 872
74 868
62 870
60 868
59 869
55 870
56 870
55 873
60 873
60 874
59 869
56 869
54 868
56 869
54 871
56 870
54 872
58 872
59 874
64 872
61 872
61 869
60 869
61 869
66 870
65 870
64 870
64 872
77 872
92 874
108 870
80 870
70 868
83 869
106 870
118 870
84 872
72 872
88 874
119 873
129 874
96 872
72 873
89 871
111 871
120 869
80 869
63 869
75 870
88 871
92 870
62 870
63 871
69 873
82 873
82 874
64 872
61 874
68 873
70 875
65 872
54 873
50 872
46 874
46 872
42 873
40 871
39 872
40 871
41 872
41 870
42 871
45 870
51 872
53 871
53 871
51 870
51 871
54 871
55 873
54 871
52 872
53 872
53 874
57 874
55 875
55 873
52 875
56 874
55 876
55 873
50 873
51 872
49 872
52 871
49 870
50 871
49 872
52 875
54 874
51 876
50 874
46 874
49 873
48 872
50 873
51 873
51 875
54 875
52 875
51 872
48 871
50 874
53 875
53 877
53 874
46 873
47 872
50 873
52 877
52 875
44 875
41 873
39 872
41 875
42 874
37 875
37 873
37 872
43 876
48 875
47 877
48 873
47 873
52 875
53 875
51 877
50 875
48 873
52 874
55 874
51 875
51 874
48 873
52 874
56 874
54 877
52 874
43 874
41 874
42 875
41 877
40 875
35 873
42 874
51 874
50 876
46 873
41 874
42 878
43 876
38 873
41 877
42 877
39 875
44 876
47 875
40 875
43 875
45 877
43 876
42 873
45 875
44 878
45 875
47 873
50 877
51 874
46 874
49 875
53 876
48 876
46 873
45 875
48 879
47 875
42 873
45 877
47 875
42 875
45 875
46 876
42 876
43 874
45 876
46 878
44 875
40 873
44 876
47 876
43 876
43 873
44 874
46 878
46 876
42 873
44 875
46 876
43 878
43 874
43 874
45 877
44 874
42 874
46 878
47 876
40 874
44 875
47 877
44 878
43 874
44 873
46 877
47 875
44 874
47 876
48 876
44 877
46 874
47 875
49 878
49 876
44 875
48 876
51 877
52 879
50 876
46 876
52 880
56 881
52 882
49 879
48 879
54 884
59 883
57 881
51 877
54 876
66 877
90 872
115 865
98 854
82 841
103 825
152 794
186 755
170 706
158 651
203 587
292 508
379 428
428 344
481 271
544 205
589 145
608 112
594 104
586 106
596 107
616 102
621 101
579 101
523 103
487 105
469 100
441 101
355 103
289 103
290 103
323 99
341 103
284 106
239 105
251 107
290 107
302 121
230 161
161 207
154 259
184 311
196 369
120 426
66 475
81 528
131 578
167 620
120 657
90 687
119 717
172 746
200 765
155 782
119 795
131 810
166 825
185 834
140 845
102 850
104 856
131 859
145 863
108 866
75 868
79 871
103 872
114 874
83 872
63 874
72 873
82 876
94 873
64 874
60 872
69 873
106 872
155 871
163 871
166 871
195 875
234 875
241 876
191 873
129 874
105 873
95 872
84 871
62 872
66 871
67 874
73 871
74 872
64 869
61 870
66 870
76 871
88 870
67 870
62 870
70 872
89 871
106 872
80 870
65 872
75 871
93 871
108 869
80 869
65 871
80 872
105 874
145 871
147 870
159 868
218 869
297 871
358 870
367 871
379 871
409 874
443 873
451 874
425 872
395 874
396 873
396 876
387 873
336 874
300 872
291 872
300 870
295 869
246 868
204 869
200 873
220 872
231 874
202 870
177 871
195 870
227 871
251 869
219 869
187 870
194 871
207 873
211 872
166 873
129 872
123 874
140 871
152 870
136 868
120 868
120 872
127 872
105 873
65 869
59 870
57 869
57 870
54 871
56 871
55 873
59 872
59 874
58 870
55 870
53 868
55 870
53 872
56 872
55 874
57 873
58 875
60 872
60 872
56 868
56 869
57 869
59 870
59 872
61 872
59 874
65 873
64 874
66 871
60 870
59 869
62 869
65 871
68 871
61 872
63 871
65 875
70 873
68 874
65 871
61 873
64 872
65 873
66 870
60 871
57 869
60 871
60 870
58 870
53 870
55 870
55 872
59 872
57 874
59 872
56 875
61 874
60 876
61 874
56 874
56 873
54 875
53 873
47 874
44 872
42 873
42 872
41 873
41 871
38 872
39 871
42 873
47 872
49 873
49 871
49 873
51 872
52 875
53 873
50 874
51 873
51 876
54 875
52 877
52 874
49 876
52 875
50 876
51 874
46 873
48 872
46 873
48 872
48 871
47 872
48 871
50 875
51 874
51 876
51 874
47 875
49 873
46 873
47 872
47 872
48 875
50 875
49 878
51 875
44 874
46 872
47 873
50 875
52 875
48 877
47 875
44 874
48 873
49 873
48 875
49 875
44 875
44 874
40 873
39 876
39 875
36 876
38 873
37 872
42 875
47 875
46 877
48 874
47 872
49 874
51 874
50 877
51 874
49 873
50 875
51 875
49 877
49 874
49 873
51 874
53 875
52 878
50 875
45 873
44 875
44 875
40 876
40 874
43 873
49 876
50 875
43 875
43 874
45 877
42 878
39 874
40 876
40 878
41 875
44 876
42 878
41 874
41 876
45 879
43 875
41 873
43 878
47 876
43 875
46 875
48 876
45 878
47 874
49 874
50 878
49 876
44 874
47 876
51 876
47 876
46 873
45 875
46 879
46 875
40 873
44 876
46 877
41 877
44 874
45 875
44 877
43 874
43 874
45 878
45 875
39 874
43 875
46 877
44 878
42 873
42 873
44 878
45 875
42 874
44 877
44 876
40 875
44 875
46 876
43 877
42 873
44 875
47 878
47 875
42 873
45 875
47 877
44 877
45 874
45 874
46 877
47 876
42 875
46 875
49 875
47 877
48 875
48 875
51 879
50 878
45 878
48 878
52 880
55 884
51 881
45 880
51 882
58 882
58 882
51 878
51 878
57 881
67 876
85 871
74 869
61 864
65 856
94 840
135 823
124 803
101 773
104 737
157 694
220 646
238 589
266 522
336 456
429 386
503 322
518 260
521 198
537 148
559 114
576 109
555 107
540 101
546 102
554 104
547 104
487 103
415 99
371 101
348 104
328 102
257 102
192 100
178 103
201 105
225 101
185 102
137 103
127 107
152 110
176 107
138 114
81 136
65 179
73 226
86 270
56 328
54 391
60 464
64 538
70 607
61 668
60 720
63 763
65 794
66 818
57 833
55 845
56 853
59 860
60 862
56 866
55 867
56 871
59 871
57 873
55 871
50 872
52 871
50 871
54 872
52 872
51 876
53 875
51 876
52 873
49 871
52 870
55 870
65 870
95 869
118 869
106 869
83 870
61 873
59 872
53 873
54 872
52 874
55 873
53 874
53 872
49 873
52 872
50 873
53 871
49 871
52 870
52 873
57 872
57 873
59 871
57 873
60 872
58 873
61 871
59 871
59 869
65 871
80 870
122 870
147 869
164 869
197 870
245 870
284 870
288 870
284 869
298 870
319 871
333 870
314 871
299 870
304 873
327 871
339 872
327 869
305 869
304 869
314 870
319 870
292 870
257 872
251 872
263 875
281 872
259 872
241 869
247 870
272 869
288 869
259 869
224 870
206 873
215 872
216 874
185 871
142 871
124 870
126 870
127 869
105 869
79 870
80 871
95 873
106 871
75 872
64 869
60 870
58 868
57 869
52 870
54 871
53 874
57 872
56 874
59 871
55 873
58 871
55 870
55 868
54 868
51 869
54 871
54 873
59 872
56 874
60 871
58 873
61 870
62 870
58 868
61 869
62 871
70 871
78 873
72 871
66 873
71 872
76 874
84 871
66 871
62 869
62 871
64 869
65 870
57 869
55 869
57 871
61 871
60 872
60 872
57 873
62 873
61 875
64 873
60 874
59 872
58 874
60 872
61 873
59 870
57 872
57 870
57 872
58 870
54 870
53 869
54 871
53 870
54 871
46 869
42 870
40 870
40 872
39 870
37 871
37 870
38 873
42 872
46 874
47 872
47 874
52 874
52 876
54 874
49 875
51 873
48 876
51 874
48 874
48 872
45 872
48 871
47 871
50 871
48 870
49 871
49 871
51 873
52 872
51 874
53 872
50 875
53 874
50 874
49 872
45 871
48 872
47 871
48 873
49 873
49 876
50 875
48 876
50 873
44 872
46 871
48 873
50 876
53 876
47 876
46 873
45 872
48 874
51 874
49 876
49 873
44 873
47 873
46 874
41 877
39 875
34 875
38 872
38 873
39 877
42 875
42 875
45 873
49 873
50 876
52 874
48 875
50 873
52 873
51 876
51 875
47 875
49 873
51 873
52 877
53 875
48 876
52 873
56 873
52 876
48 874
39 874
42 874
45 875
47 877
47 873
43 874
47 878
47 877
41 874
43 876
45 876
39 875
44 877
45 876
39 874
42 876
45 877
42 877
42 874
44 874
43 877
43 874
44 874
46 878
47 875
42 874
46 875
50 876
47 877
45 873
45 873
48 878
51 875
45 873
47 874
48 876
45 878
45 874
44 874
45 878
44 876
41 874
45 877
47 875
41 874
43 875
46 877
43 877
43 873
43 875
44 879
43 875
42 874
44 876
46 874
41 874
44 875
46 877
42 877
42 873
42 875
45 879
45 876
40 873
44 876
47 876
42 875
46 875
46 876
43 877
43 874
44 874
47 878
46 876
41 873
45 875
49 876
47 877
46 873
45 874
47 879
49 876
46 875
48 876
48 878
48 881
49 879
50 878
51 881
52 880
49 881
52 880
59 881
54 883
52 879
50 877
63 878
84 876
76 873
57 866
62 861
87 855
127 838
128 819
106 799
106 771
155 736
230 687
277 636
308 580
364 515
448 448
520 377
543 312
531 251
532 190
556 139
572 110
565 109
539 108
533 101
539 101
524 102
466 104
381 105
323 99
313 102
304 103
258 102
198 102
175 98
207 102
231 104
208 102
157 102
134 102
163 106
186 110
161 111
107 121
74 150
90 191
104 237
75 278
53 331
54 389
64 456
69 524
62 590
58 654
64 710
69 757
75 790
62 816
61 832
60 847
63 854
65 861
60 863
56 867
57 869
58 873
60 872
54 874
53 871
50 872
53 871
52 871
52 871
52 871
52 876
54 875
53 877
52 874
48 872
52 872
53 871
63 871
67 870
74 870
79 872
94 873
77 874
58 872
53 874
55 873
53 875
56 874
51 874
52 873
50 874
53 874
51 874
52 872
50 872
54 872
54 874
60 873
57 874
60 871
57 873
59 871
57 871
55 869
55 869
53 870
55 870
54 870
55 869
53 869
56 870
56 871
63 872
60 872
64 871
68 874
95 872
141 875
174 871
185 871
213 869
265 870
304 870
311 869
295 871
287 872
292 873
291 873
259 873
217 872
186 874
192 872
194 874
179 870
146 871
132 869
152 869
175 870
171 870
139 871
124 872
135 875
156 872
153 870
138 868
131 869
150 870
164 871
147 873
119 872
99 875
111 873
122 875
112 871
73 871
63 870
62 870
57 869
56 869
52 870
56 871
55 874
59 872
57 872
55 869
54 869
53 869
55 870
52 871
56 871
55 875
57 872
57 874
57 870
54 870
54 869
54 869
55 870
56 870
55 872
59 872
59 875
64 873
59 873
60 870
58 871
61 870
63 870
59 869
59 869
59 872
65 872
65 874
64 871
61 873
62 872
62 874
65 871
61 872
59 869
58 870
60 869
61 870
55 870
56 870
54 872
59 873
58 875
59 873
56 874
60 873
60 875
64 873
59 874
58 871
57 873
59 871
58 873
55 871
50 872
47 871
44 873
43 872
40 873
38 871
38 873
41 872
42 875
41 873
43 875
48 874
51 876
54 874
52 875
51 873
49 876
53 875
51 877
52 874
47 875
49 874
48 874
50 873
47 872
47 871
46 871
49 872
49 872
50 873
49 872
50 875
54 874
52 876
53 873
49 874
50 873
47 873
50 872
47 871
48 873
49 874
50 877
52 876
48 876
47 873
44 873
48 873
50 874
49 877
50 875
47 876
48 874
48 873
48 874
50 874
49 877
51 875
47 874
47 873
44 874
42 877
43 876
38 875
40 872
38 873
42 877
48 876
48 877
48 873
47 872
49 876
54 875
52 876
51 873
50 873
51 877
54 876
52 877
51 873
49 872
52 876
54 876
55 877
59 873
58 872
53 877
52 875
46 875
46 873
47 873
47 877
48 876
44 875
46 875
46 877
39 877
41 876
45 877
41 876
42 875
43 878
40 877
41 875
45 876
43 878
41 875
42 875
45 879
45 875
42 873
45 878
47 877
43 875
47 874
49 876
48 878
49 875
50 874
52 877
54 875
48 875
51 875
54 876
50 878
48 874
43 873
48 877
50 877
44 877
43 873
45 875
45 878
44 875
43 874
44 878
44 876
39 875
45 878
45 877
40 875
42 875
46 877
45 878
44 874
43 874
44 878
45 876
42 874
44 876
47 876
41 877
42 875
46 876
46 878
44 874
42 874
46 879
47 876
42 874
44 875
47 877
44 878
45 875
45 875
47 877
47 875
44 875
48 878
50 877
45 878
45 876
48 878
52 882
51 880
45 879
48 880
54 882
56 883
53 880
50 879
52 882
59 880
65 878
72 874
59 873
58 872
74 863
108 853
132 843
120 824
128 801
212 770
319 736
394 695
433 640
473 580
530 513
562 445
561 375
545 301
539 235
559 176
574 129
557 112
505 103
449 104
417 105
393 103
347 102
268 99
218 102
232 104
264 102
265 102
216 101
185 102
203 104
236 99
236 101
181 103
145 105
163 107
196 104
194 111
132 123
85 157
92 201
118 243
114 296
56 348
53 396
63 448
79 499
81 548
52 594
54 634
64 676
83 716
85 753
63 785
60 811
66 830
67 844
65 853
58 860
60 864
60 868
64 869
58 871
56 870
52 872
57 871
59 872
62 870
59 870
64 872
84 873
117 876
136 875
109 876
94 875
110 875
138 873
150 872
124 873
109 872
127 875
154 873
156 873
127 870
102 871
106 869
106 870
74 870
58 870
53 872
56 872
53 874
54 872
49 873
51 872
50 873
53 872
49 871
51 871
50 871
54 872
54 871
55 871
53 869
53 870
55 871
59 872
59 874
62 871
60 873
63 870
66 871
64 869
61 869
61 870
85 871
131 872
173 871
172 870
183 871
228 871
276 872
297 870
279 869
266 870
280 871
288 873
282 872
242 874
216 871
216 871
221 869
210 869
166 871
141 871
151 875
175 873
177 874
148 872
122 875
140 873
169 875
191 872
177 873
183 870
227 871
269 869
283 870
263 871
248 872
252 874
259 873
241 872
192 868
133 869
90 871
64 872
56 873
57 873
54 875
56 874
54 876
56 873
54 875
55 874
55 875
57 873
56 873
54 870
54 871
54 870
56 871
53 871
56 871
56 873
61 872
61 874
60 870
57 870
55 869
56 871
57 872
58 872
55 874
59 873
60 876
65 874
64 875
63 872
61 873
63 871
66 871
61 869
57 869
56 870
61 871
62 873
63 872
58 873
61 873
63 875
67 874
62 875
62 873
59 874
61 873
63 874
61 872
58 872
57 871
61 872
61 871
59 870
54 870
55 871
55 871
57 872
54 871
52 871
49 871
49 872
44 871
41 871
38 870
39 871
37 872
40 872
38 871
38 871
39 871
46 872
48 872
50 872
48 871
50 872
50 873
51 874
52 873
50 874
51 874
52 877
55 875
51 877
52 874
49 877
53 875
50 876
51 873
46 873
49 872
48 872
52 873
51 873
51 875
52 875
53 878
54 876
49 876
48 874
45 873
50 875
52 874
52 877
52 875
47 876
50 874
48 874
50 875
49 875
48 878
51 876
48 875
49 873
48 874
49 878
52 877
49 878
48 874
46 873
49 876
53 876
50 877
48 874
43 873
46 876
50 877
51 879
51 874
47 873
50 875
54 877
53 879
53 875
49 873
51 876
55 876
55 878
55 874
50 873
51 876
55 877
54 879
58 874
57 873
57 877
59 877
54 879
50 875
46 873
45 877
48 876
46 877
47 874
46 875
45 879
45 877
41 876
44 878
45 878
37 876
42 878
46 878
40 876
43 878
44 878
39 877
44 878
46 878
41 878
42 875
46 877
48 879
49 875
50 876
53 879
61 877
72 875
96 878
89 877
69 877
68 875
73 876
66 878
52 875
47 875
49 879
50 878
44 876
45 876
47 878
43 879
43 876
45 876
45 878
44 875
43 876
45 880
46 876
40 875
44 876
47 878
44 879
43 875
44 875
45 878
47 876
43 876
45 877
46 877
41 878
43 875
46 878
46 880
43 876
41 875
46 879
48 877
43 875
45 877
47 878
43 878
45 875
47 877
47 879
45 877
44 876
49 878
51 878
45 878
46 876
49 879
51 883
51 880
45 879
48 881
53 883
54 885
54 881
50 880
52 883
60 881
64 880
78 877
63 876
58 876
73 868
122 860
200 852
243 837
292 818
387 789
482 758
536 721
533 672
524 617
545 553
568 489
573 421
551 345
525 278
509 215
489 163
449 121
366 106
290 106
265 106
274 103
284 101
236 100
199 103
210 104
251 99
276 99
230 101
189 103
198 104
238 99
260 103
208 104
163 103
173 103
209 102
227 108
172 114
127 119
133 149
166 189
180 236
120 285
73 328
79 381
110 434
131 483
84 534
59 582
71 634
93 683
111 728
72 768
63 798
68 822
70 839
73 850
59 857
58 862
59 866
63 868
60 870
57 869
53 871
56 871
58 872
59 873
55 873
53 876
57 876
56 878
56 875
49 875
50 873
50 873
53 875
55 875
53 877
53 876
51 877
53 874
51 873
53 872
52 872
58 872
64 874
81 873
78 875
74 873
70 874
66 873
59 873
55 871
54 872
54 872
55 874
56 873
54 875
54 874
55 877
58 875
57 877
58 874
57 876
61 875
60 875
61 872
59 870
57 869
61 870
62 873
68 872
63 875
65 874
73 875
101 874
137 875
133 873
125 875
158 874
205 875
237 873
213 874
196 873
208 874
236 872
247 872
219 870
191 870
196 871
218 872
228 874
204 871
175 873
183 870
203 871
220 870
194 870
171 871
185 872
217 874
248 873
234 875
225 873
239 875
261 871
260 871
216 869
167 869
151 870
156 871
160 872
135 872
98 875
83 873
74 875
66 871
59 871
56 869
55 870
54 871
55 871
53 872
57 871
57 875
60 872
58 873
56 870
54 870
54 870
54 871
53 871
53 871
51 872
56 873
56 875
60 874
57 875
61 872
60 873
62 870
62 871
57 869
58 870
59 871
64 872
64 874
63 872
61 874
66 872
67 873
66 871
60 870
58 869
62 871
64 871
69 871
59 871
60 870
62 872
70 872
70 874
65 872
61 874
66 873
66 875
68 873
61 874
61 871
62 873
66 871
64 871
58 869
57 870
58 870
60 871
58 871
54 870
52 870
53 871
50 871
46 871
40 870
40 870
39 871
42 871
41 870
41 871
41 870
47 872
49 871
50 872
49 870
49 871
51 871
52 873
53 872
51 873
51 872
52 875
55 874
53 876
54 873
51 875
54 873
52 875
53 873
48 872
49 872
49 872
53 873
53 873
52 875
52 875
52 878
55 875
51 876
50 872
47 872
51 873
53 874
53 877
52 875
47 876
49 874
47 873
50 874
50 874
49 876
52 875
49 875
51 873
50 873
49 877
53 876
49 876
51 873
48 873
50 876
54 877
52 878
53 874
49 872
50 875
54 876
53 877
56 874
51 873
52 876
55 877
53 877
56 873
51 873
52 876
56 877
54 878
57 874
51 873
51 876
56 876
54 876
62 874
59 874
58 878
61 877
51 876
48 873
47 874
44 878
43 877
39 875
47 875
48 875
46 877
45 875
44 875
46 879
44 876
38 875
44 880
45 878
41 875
44 878
45 876
41 876
45 880
47 877
40 875
43 878
48 878
44 878
47 876
49 876
49 877
52 875
60 876
76 880
66 876
54 874
61 878
67 878
64 878
51 874
50 875
51 879
51 876
46 875
47 877
48 877
43 877
44 875
47 878
44 879
42 875
43 875
46 879
47 876
41 874
45 878
46 878
42 877
45 875
46 877
43 879
43 875
44 875
47 879
46 875
41 874
45 878
48 878
42 877
44 875
46 878
44 879
43 876
46 876
46 878
46 875
44 875
48 880
50 877
42 876
45 875
48 878
48 880
47 876
45 875
47 879
51 879
47 879
51 879
50 881
48 883
49 880
52 880
59 884
55 883
49 882
54 880
73 880
131 881
179 877
232 873
327 873
438 868
509 860
517 844
511 827
521 808
546 776
558 736
535 688
489 637
442 577
417 506
389 434
314 362
238 293
207 230
240 164
275 120
241 110
200 106
202 104
249 101
288 104
250 104
207 99
210 99
253 101
289 103
252 103
207 98
209 100
247 104
279 103
241 102
191 101
188 105
221 107
252 104
214 110
162 120
153 156
186 198
219 236
182 286
129 337
118 387
151 436
183 482
151 530
100 576
89 616
118 660
147 701
112 742
67 777
68 807
80 829
93 846
72 854
63 863
67 866
68 871
74 870
61 873
61 872
60 875
67 874
83 875
98 873
125 874
200 873
286 873
326 874
281 874
194 877
132 877
96 879
70 876
49 874
49 873
51 874
56 877
59 876
54 878
56 875
56 877
61 875
61 876
62 872
60 872
59 870
57 871
57 871
55 871
51 872
54 872
53 874
55 873
50 873
51 872
51 873
54 873
53 873
52 872
52 871
55 873
56 872
58 871
56 871
57 871
59 874
66 874
68 876
67 874
63 875
68 874
84 875
117 873
114 874
98 872
109 874
158 873
198 873
188 871
162 871
165 872
203 872
232 873
220 872
196 874
201 874
226 876
251 873
232 873
210 871
209 871
236 872
265 872
255 874
237 874
239 876
269 875
292 877
284 874
261 875
259 872
268 872
262 871
211 871
144 873
105 873
96 876
102 875
85 877
71 875
71 877
74 874
71 874
60 871
57 871
54 872
57 873
55 874
57 873
55 875
59 874
60 876
60 872
57 872
54 871
54 873
53 874
57 874
54 875
57 875
56 877
61 876
61 878
61 874
60 875
60 873
61 873
64 872
59 872
57 872
60 873
64 874
73 874
63 876
65 875
66 877
71 874
75 875
63 872
61 872
61 873
69 873
76 874
65 873
59 874
65 874
73 876
87 875
68 876
64 874
65 877
74 876
78 878
67 875
62 877
66 875
71 877
79 875
64 875
61 873
63 875
68 874
71 875
61 873
57 874
59 874
63 875
65 874
57 875
55 873
55 876
56 875
57 876
53 875
51 876
54 876
55 878
58 876
54 877
54 875
52 878
57 877
55 878
54 875
49 877
52 876
50 876
53 875
48 874
49 874
49 874
53 875
53 875
52 876
51 876
52 879
56 878
54 880
53 877
48 877
51 875
50 875
53 875
52 874
52 876
54 878
55 880
56 878
48 877
47 875
48 875
52 878
54 878
51 879
51 876
47 877
52 876
55 877
52 880
51 878
48 878
51 876
53 876
52 879
52 878
49 879
52 876
55 876
52 878
53 877
51 879
54 876
58 876
56 879
55 878
52 880
54 876
59 876
56 879
55 878
52 879
55 877
61 876
57 878
57 877
53 878
58 876
73 877
87 880
74 877
43 877
40 876
43 878
43 880
41 877
36 877
43 879
51 879
44 877
45 879
47 879
43 878
49 879
49 879
41 878
44 878
50 879
48 879
48 876
48 878
47 880
48 876
51 877
50 881
46 877
44 876
48 879
52 878
45 877
47 876
49 878
50 880
51 876
49 875
49 880
51 879
48 877
52 877
51 877
48 878
47 876
47 876
49 881
48 878
42 876
45 879
49 880
44 879
44 876
46 878
44 879
44 877
47 878
45 880
43 876
43 876
47 881
48 879
41 876
44 877
48 878
45 879
46 876
46 877
45 880
44 877
44 876
49 880
48 878
41 876
44 877
49 878
47 879
45 875
46 877
46 881
47 877
47 876
49 880
48 879
44 878
49 878
53 879
49 880
48 877
49 879
61 884
104 882
164 880
226 881
307 883
404 886
471 882
482 881
467 884
467 882
488 880
501 881
459 880
377 878
315 872
296 869
278 868
223 855
149 840
121 825
154 803
191 775
189 735
159 692
148 644
189 584
228 518
226 444
191 376
174 311
213 245
256 186
248 132
208 112
189 109
235 101
281 102
267 103
223 104
205 102
252 98
295 101
276 104
228 102
211 102
254 101
295 102
273 104
222 99
204 101
239 104
276 105
254 105
201 103
180 109
211 121
245 144
226 183
172 222
151 274
179 328
213 382
192 447
139 513
109 584
134 648
158 705
137 751
84 788
69 815
84 834
108 847
94 855
62 861
59 865
68 868
79 870
66 872
59 872
59 877
66 876
73 878
77 876
72 875
107 874
199 874
288 877
313 877
284 880
254 877
236 877
207 875
138 874
61 872
56 873
61 873
61 874
59 873
54 875
57 874
57 876
61 876
55 876
55 874
53 876
57 875
55 876
54 874
50 873
52 874
54 873
57 874
54 872
54 872
53 873
58 874
57 875
57 874
55 876
58 876
58 878
63 877
58 877
60 875
59 878
66 877
69 879
67 876
62 878
66 876
79 879
112 876
118 878
100 874
99 875
143 872
190 873
197 872
172 872
168 876
209 876
242 878
246 876
219 878
211 876
231 878
258 877
251 877
227 875
215 876
239 874
262 875
263 872
239 872
229 873
253 874
278 875
284 875
264 876
256 874
264 875
264 873
225 873
158 872
111 874
100 875
107 875
102 876
81 876
69 877
78 877
76 879
66 876
61 876
60 875
59 876
58 873
56 872
53 872
55 873
55 876
61 876
58 877
60 875
57 876
59 874
58 875
57 873
55 873
54 873
57 874
59 874
59 874
57 875
61 875
64 877
71 876
66 877
64 874
63 876
72 874
81 875
74 872
63 872
62 874
72 874
82 877
78 876
63 878
67 877
76 879
95 877
92 878
70 876
69 878
87 877
108 879
106 875
71 877
70 875
85 877
106 875
99 876
69 873
67 875
80 874
101 874
95 872
64 873
62 873
76 874
87 874
79 873
58 873
59 874
65 874
74 874
63 874
57 874
55 874
61 876
64 876
58 877
55 876
54 879
58 878
58 880
56 877
52 879
55 877
54 879
57 878
51 878
51 876
48 877
51 876
50 876
49 875
48 874
50 875
53 875
55 877
54 876
53 878
54 877
54 879
57 877
50 876
51 874
49 875
54 876
56 877
54 879
54 877
51 880
54 877
51 877
50 875
49 875
52 879
55 879
53 881
50 877
46 876
48 877
54 878
55 880
54 877
47 876
49 876
52 877
55 882
53 879
46 877
48 876
49 877
50 881
46 879
39 879
39 877
44 877
51 880
56 878
51 877
52 876
56 877
63 881
62 879
51 877
52 876
60 877
69 881
72 878
55 877
56 877
66 878
82 881
107 877
88 876
46 878
42 879
39 881
40 877
38 875
40 880
44 880
48 880
51 878
52 879
48 880
51 878
58 881
52 880
47 877
50 880
53 882
60 878
63 879
53 880
52 877
59 879
67 882
58 878
47 876
49 881
51 880
46 879
47 878
48 878
47 880
47 877
48 878
48 881
48 878
44 877
48 879
51 880
47 880
45 876
45 877
49 881
50 879
44 877
46 880
47 879
42 878
46 879
48 880
42 880
43 877
47 879
48 881
46 877
45 877
46 882
47 879
44 877
47 880
47 879
42 879
45 878
49 879
47 880
45 876
45 878
48 882
48 878
45 877
47 880
49 880
48 878
57 879
69 879
71 879
99 877
182 879
274 882
341 878
367 876
388 881
421 881
436 881
428 878
366 880
290 883
249 881
213 881
164 884
82 883
48 883
53 883
59 885
54 886
49 882
50 881
60 884
78 881
89 877
71 878
65 876
87 871
132 863
155 855
120 843
99 822
133 796
181 769
202 727
164 680
146 623
182 565
223 501
237 428
200 357
178 288
212 228
251 175
265 121
225 109
199 108
234 104
279 103
291 100
247 103
216 105
252 100
299 99
307 101
257 103
223 104
260 99
304 101
305 104
250 102
217 101
247 101
287 106
283 108
226 105
192 111
217 130
251 171
247 215
188 255
151 309
173 364
211 422
211 484
157 544
122 607
142 665
170 718
169 760
116 794
81 819
93 838
120 849
121 857
78 861
61 865
72 868
86 870
90 871
61 872
60 876
66 876
74 879
72 877
56 877
55 875
58 875
64 876
61 876
55 879
57 878
58 879
62 877
57 876
57 875
55 876
61 875
61 877
62 875
57 877
59 876
58 879
62 877
58 878
57 876
54 878
58 877
56 878
56 876
51 876
53 874
54 875
59 875
56 875
58 875
58 877
63 875
65 877
63 874
61 875
60 873
61 875
64 873
62 874
59 873
60 873
65 873
73 873
76 872
63 872
62 872
80 873
112 873
138 872
115 873
109 874
144 876
196 875
219 877
196 873
184 875
216 873
252 873
264 872
236 872
216 873
234 873
253 874
261 873
234 874
220 874
237 876
266 875
276 876
256 873
236 874
255 872
280 873
293 872
274 872
254 875
264 876
262 878
241 874
176 875
122 873
108 873
117 872
124 872
103 872
83 873
85 875
93 875
78 877
63 875
61 877
62 875
61 876
59 873
58 872
55 872
58 873
58 874
61 873
59 875
60 874
60 875
61 873
58 873
55 871
55 872
55 873
61 874
58 875
59 874
59 877
67 876
71 878
76 875
65 877
65 874
75 875
93 873
105 872
74 871
68 872
78 874
105 874
115 876
85 875
68 877
88 876
116 878
134 876
98 877
77 875
94 875
129 875
139 875
102 873
77 874
93 873
123 874
133 873
95 873
71 873
90 874
123 874
135 873
91 874
68 874
80 875
105 874
108 875
66 874
58 875
69 874
79 875
80 874
56 874
57 874
58 874
59 874
54 874
52 874
52 874
54 876
55 875
55 876
53 875
51 877
55 877
55 879
56 877
51 879
53 877
52 879
55 877
51 878
51 875
47 876
52 875
52 875
52 874
50 874
51 876
55 876
56 880
57 877
52 879
53 878
52 878
55 877
51 875
51 875
51 875
54 879
58 878
54 879
52 876
47 876
52 876
54 877
53 880
52 878
47 878
51 876
52 876
54 878
53 878
50 881
52 878
50 877
51 877
49 877
45 880
44 878
38 877
39 877
38 878
38 881
39 878
37 877
45 877
51 878
54 881
61 879
67 878
82 877
62 878
57 880
65 878
79 877
103 878
85 879
62 881
68 878
83 877
116 879
108 879
48 881
39 878
36 877
39 880
43 878
37 879
40 877
51 879
61 881
54 878
49 878
55 883
60 880
67 878
52 881
51 879
56 878
71 883
92 880
62 877
55 881
63 880
70 879
74 879
55 879
48 879
50 878
51 880
48 882
46 877
45 877
48 882
51 880
45 878
46 878
49 879
49 880
49 878
48 878
47 882
46 879
43 878
49 882
49 880
41 879
44 879
49 880
46 880
48 878
49 880
48 881
53 878
68 879
110 882
129 880
143 878
191 880
247 880
279 880
270 878
256 880
259 882
265 878
267 879
228 882
183 879
165 878
166 882
158 879
94 878
53 879
55 881
52 882
50 878
48 879
49 882
49 880
47 878
50 881
51 879
46 879
48 879
52 880
53 884
49 880
45 880
52 884
58 885
53 885
49 882
49 883
53 886
56 884
51 882
50 883
52 884
53 883
66 880
97 880
79 880
62 874
81 869
128 866
165 855
132 840
108 821
130 799
174 770
208 728
179 683
151 633
173 572
215 505
248 430
216 362
182 298
203 233
252 177
280 126
243 111
204 108
230 101
279 103
306 104
263 103
227 103
253 99
303 102
323 105
277 100
239 101
258 101
301 103
319 104
272 98
230 102
243 105
283 105
301 106
245 105
194 112
195 123
229 145
244 185
175 227
117 280
121 338
167 401
191 471
138 540
97 610
114 672
157 726
182 768
135 800
92 822
93 839
122 850
135 858
93 863
63 866
71 871
90 873
104 876
71 876
59 878
65 878
70 878
78 876
57 875
56 878
62 879
66 881
68 878
53 877
54 876
58 875
63 876
63 875
59 875
57 874
60 874
60 875
60 875
55 874
55 875
56 875
59 876
58 875
55 876
55 876
57 878
60 878
58 879
58 877
56 878
61 877
62 878
64 875
59 875
59 874
61 874
61 875
63 875
56 875
58 875
59 876
64 875
64 876
60 875
57 875
64 875
71 876
84 875
65 876
65 875
75 877
109 876
143 878
132 876
114 877
140 874
188 875
224 873
204 873
188 874
212 875
249 877
273 876
246 877
223 877
228 879
250 878
265 879
247 877
223 879
238 877
263 879
287 876
267 876
247 874
257 874
284 874
310 874
289 876
265 875
257 879
258 877
242 878
184 875
126 876
109 874
123 875
145 874
138 874
127 875
147 876
176 877
196 876
152 878
104 876
83 877
83 875
75 875
59 873
57 874
55 875
59 876
58 878
60 877
57 879
62 878
62 879
62 876
60 876
58 875
59 875
63 874
64 874
59 874
60 874
63 876
75 876
91 878
75 876
67 879
82 878
114 880
145 876
118 876
89 874
97 874
130 874
158 875
123 875
93 875
100 878
140 877
164 878
135 876
101 878
112 877
145 879
171 877
133 878
100 877
103 879
136 877
156 879
122 876
85 878
92 876
124 877
149 875
110 876
72 875
78 877
102 876
117 877
73 875
60 877
63 876
60 878
55 876
48 878
47 877
46 879
48 878
46 880
46 877
45 879
52 878
54 880
57 878
52 879
53 877
52 879
55 878
51 877
51 876
47 876
52 876
54 876
54 878
53 877
51 880
56 879
55 882
57 879
51 880
51 877
50 878
55 877
54 876
52 878
54 878
55 882
59 880
55 881
51 878
47 877
53 878
57 878
58 881
55 879
49 880
53 878
53 878
57 880
53 880
50 882
54 879
55 879
60 878
53 879
52 882
54 881
52 880
53 878
46 878
43 881
42 879
35 879
35 878
34 878
35 882
38 881
36 880
45 878
50 878
55 882
62 881
70 880
95 878
76 878
59 882
66 879
85 879
124 879
111 880
79 882
69 879
79 878
112 880
113 881
51 882
39 880
35 878
39 881
42 880
38 881
41 879
50 879
68 883
60 880
47 879
52 882
58 883
65 881
52 881
52 881
52 880
68 882
102 883
85 881
69 880
76 882
93 883
102 879
61 880
50 882
49 879
48 880
50 883
48 880
43 879
47 881
51 882
47 882
45 878
47 879
48 883
49 880
48 879
47 883
47 881
43 880
48 882
51 882
45 881
46 879
52 881
56 883
61 879
52 879
51 883
52 881
48 879
50 882
50 882
43 881
46 880
49 881
49 882
46 879
45 880
46 884
46 881
44 879
47 883
47 882
43 881
47 881
52 881
47 881
45 879
48 881
49 884
50 880
44 878
48 882
50 882
48 882
50 880
49 881
49 883
50 881
50 881
54 884
52 884
46 884
50 882
55 884
60 888
52 885
45 883
51 886
56 885
56 885
50 882
50 883
55 886
71 881
110 878
104 879
80 875
82 870
130 861
180 850
159 835
126 810
132 783
181 752
226 708
199 655
168 592
176 529
222 462
263 388
238 317
201 249
210 194
253 143
296 109
269 105
226 106
233 105
281 103
325 99
297 102
251 105
256 101
308 101
346 101
310 102
258 103
261 98
308 101
338 104
296 102
242 102
241 101
284 106
307 110
251 109
178 117
153 141
188 181
214 224
155 262
87 314
78 372
131 437
176 504
143 571
102 638
116 695
164 748
202 786
164 816
116 834
101 851
132 859
156 867
124 869
76 873
72 874
92 877
120 875
90 875
59 875
63 876
79 880
100 880
72 882
59 880
57 881
67 879
77 878
59 880
58 879
59 881
66 880
69 880
61 878
57 879
62 878
63 880
68 878
60 879
61 878
60 880
65 878
64 880
61 878
57 880
61 879
61 881
65 879
58 880
60 878
60 880
66 878
66 880
64 877
60 877
63 876
64 877
66 876
60 876
56 875
60 876
64 877
71 877
60 876
59 876
62 878
74 878
90 879
78 878
66 880
76 879
103 881
148 879
140 878
121 876
130 877
181 875
225 876
218 875
202 876
212 877
254 877
283 877
268 876
238 877
235 877
254 880
279 879
262 880
243 877
239 879
271 877
298 876
285 875
262 875
264 877
298 877
326 879
317 877
280 879
263 877
256 879
247 876
192 876
136 875
110 876
126 877
159 877
164 879
170 878
201 881
268 879
319 879
314 876
276 876
248 875
239 876
212 876
133 876
60 878
63 879
62 881
66 878
59 878
59 876
58 877
60 876
62 876
58 876
58 876
58 878
65 877
71 879
68 878
64 879
70 878
85 879
116 877
107 876
82 875
87 876
129 876
173 877
155 878
123 878
117 881
158 880
191 881
171 879
130 880
127 879
165 880
199 879
176 879
136 878
130 880
167 878
193 879
166 877
121 878
112 878
143 879
173 877
145 877
102 875
95 876
131 876
164 876
134 876
86 876
73 877
102 877
125 877
89 876
56 877
54 877
48 878
45 877
37 877
37 876
36 877
39 877
37 877
37 876
37 876
43 877
49 877
55 878
51 877
52 879
55 878
57 881
59 880
55 882
54 880
54 883
59 880
59 882
55 880
50 879
54 878
56 878
62 878
53 877
54 879
57 879
65 882
75 880
60 881
58 879
57 880
66 878
77 878
60 879
56 879
57 882
64 882
66 882
56 879
50 878
54 879
60 880
67 883
57 881
52 882
54 880
59 878
72 880
57 880
52 882
54 880
53 880
57 880
48 880
42 883
39 881
33 881
34 879
33 880
35 883
37 882
37 882
46 880
52 879
56 882
61 880
68 881
93 880
87 880
61 883
63 882
80 881
118 880
120 880
91 883
70 882
72 881
105 881
105 880
47 882
40 881
34 879
38 882
42 882
40 883
43 880
51 881
72 885
67 882
47 880
50 884
54 882
60 881
52 884
49 881
48 881
61 885
86 883
86 880
73 883
78 882
109 881
139 883
111 883
52 881
49 881
52 883
51 884
47 880
45 879
49 884
52 881
49 881
48 881
49 882
47 883
48 880
50 881
50 884
48 882
44 880
50 883
56 882
48 881
49 881
51 883
50 884
52 880
49 882
47 884
45 881
47 880
51 884
49 881
43 879
48 883
50 883
47 882
46 880
46 882
45 884
45 881
47 881
48 883
47 880
44 880
49 884
52 882
44 880
47 881
49 883
48 884
49 880
49 881
48 883
49 881
49 880
54 884
52 883
45 882
48 881
53 883
55 886
50 883
47 882
52 886
59 885
59 885
53 884
51 885
50 888
53 884
57 884
53 886
52 885
51 884
75 881
125 880
131 879
101 872
94 868
138 865
188 851
180 834
147 814
141 790
182 759
229 715
226 667
191 614
182 551
224 485
270 413
264 348
220 283
210 218
258 162
303 117
293 110
246 109
238 101
289 103
331 104
317 102
272 101
262 99
310 103
348 105
332 100
286 99
270 101
314 103
349 104
330 99
278 103
255 105
295 103
330 105
299 106
227 113
177 124
206 151
238 193
193 242
108 300
70 368
116 439
171 517
169 588
133 655
134 710
179 757
220 791
198 817
146 835
119 848
150 857
182 863
165 867
117 870
93 875
124 876
153 879
141 877
91 878
72 877
96 878
127 879
119 879
75 882
66 881
80 882
102 879
86 879
61 877
59 878
69 878
74 880
65 878
57 879
60 878
61 880
68 879
57 878
56 877
55 878
61 878
64 877
57 877
54 876
56 877
60 877
65 877
59 876
58 876
57 876
64 876
67 877
62 876
57 877
60 878
63 880
72 879
62 880
60 878
60 880
69 879
79 881
74 879
63 880
68 879
80 881
103 879
99 879
74 877
72 878
102 876
142 877
149 876
126 876
123 877
173 877
223 879
239 878
222 880
231 878
271 880
310 879
303 879
273 876
256 877
275 875
292 876
286 878
263 878
253 880
284 879
310 881
310 877
283 877
273 876
301 876
328 876
325 876
288 877
259 878
256 880
252 879
213 880
160 879
122 881
134 879
159 880
171 877
159 876
172 875
227 876
278 878
290 877
256 879
226 878
221 879
208 877
149 877
69 875
59 876
61 878
64 879
60 880
61 879
60 881
64 879
66 880
63 877
59 877
61 875
65 876
74 877
71 876
64 879
70 879
93 881
137 880
147 881
123 878
116 880
165 878
209 879
211 877
173 877
163 876
203 877
240 877
236 877
195 876
181 877
215 877
247 878
235 877
192 877
172 878
205 878
232 879
220 878
170 880
149 879
176 880
207 879
192 880
146 878
123 880
157 878
187 880
175 877
117 879
88 878
111 879
141 878
116 879
60 878
55 879
51 878
46 881
43 878
39 880
41 879
39 881
43 880
39 881
42 879
41 881
49 879
52 880
53 878
50 879
53 878
54 878
58 878
53 877
53 878
53 878
60 880
67 880
59 881
58 880
59 883
69 881
85 882
89 880
61 879
65 878
97 878
137 878
140 878
100 880
81 881
104 883
130 882
107 882
58 879
53 879
62 880
68 880
58 882
56 880
52 882
57 879
62 879
57 882
54 882
52 884
57 880
61 880
54 880
52 881
52 884
55 882
52 881
45 880
40 880
38 883
39 881
33 881
34 880
34 881
37 884
43 882
48 881
55 880
58 880
58 884
69 882
86 881
99 880
70 881
61 883
79 881
104 881
122 881
100 882
74 884
82 881
108 880
112 882
48 882
38 884
35 881
36 880
40 883
45 881
44 882
52 881
68 883
71 884
49 880
49 883
51 885
55 882
55 882
50 884
49 881
60 883
82 885
103 881
92 882
91 886
119 882
144 881
128 884
67 881
48 881
52 883
54 883
46 882
46 880
49 882
50 885
50 882
48 880
48 883
51 882
47 881
52 882
51 883
47 884
47 881
51 882
55 886
50 882
46 880
49 884
52 882
49 881
49 884
49 883
43 882
49 883
53 884
47 884
45 880
47 882
50 884
51 881
47 881
47 884
48 883
44 882
49 883
50 883
46 884
45 881
50 882
52 885
50 881
47 881
48 885
51 883
49 882
50 883
51 884
46 884
50 882
55 883
52 885
50 882
48 882
53 887
58 885
51 884
52 884
53 886
57 888
63 885
60 884
52 887
53 885
52 885
60 885
58 886
50 886
52 882
75 881
132 882
162 877
130 871
116 864
157 855
202 842
218 818
182 793
163 764
202 722
247 674
263 616
228 554
203 486
241 408
289 336
301 265
260 202
234 147
276 109
324 108
328 106
285 103
265 101
305 100
352 102
356 105
312 99
291 101
328 103
370 102
372 101
322 98
293 103
323 106
362 101
363 101
304 104
264 107
287 111
317 111
298 130
199 170
135 210
162 257
210 305
212 360
133 411
97 457
148 509
216 561
239 607
196 654
181 697
219 741
259 778
254 809
197 830
157 849
180 859
211 868
214 871
159 875
128 876
147 879
181 879
181 880
135 878
101 879
123 878
156 879
161 880
119 880
88 882
107 881
134 883
138 879
93 879
67 880
84 881
110 884
116 882
73 883
65 881
73 882
91 881
89 881
68 880
66 880
73 879
80 880
78 878
62 879
61 878
67 879
78 879
77 880
63 880
60 882
71 882
81 884
87 882
60 882
61 880
69 881
87 880
89 880
68 879
67 881
86 880
118 880
149 876
141 876
139 877
173 878
203 880
211 879
169 880
143 879
161 881
198 880
212 881
188 880
174 881
217 879
265 880
291 878
267 878
258 878
289 878
321 878
326 879
296 878
268 880
284 877
301 877
306 876
279 877
262 879
287 879
311 881
322 880
296 882
286 880
303 882
327 881
327 881
295 880
263 882
267 880
267 883
256 880
207 880
170 876
169 876
186 877
204 878
195 880
198 879
229 881
261 879
261 879
221 878
185 879
177 878
167 879
141 878
88 878
64 878
71 878
83 878
96 878
87 879
91 879
121 881
163 880
180 881
163 878
139 879
147 877
154 878
143 877
107 878
81 879
97 879
118 881
131 880
105 882
91 880
107 882
138 881
151 883
130 880
116 882
146 881
183 882
208 880
187 881
187 879
240 880
301 879
331 878
310 877
288 878
305 877
319 878
301 878
238 877
191 878
210 878
238 879
242 878
187 878
153 878
174 880
211 880
208 880
145 879
96 880
115 880
148 880
148 879
53 879
48 878
43 880
42 879
37 878
35 878
34 878
38 879
38 879
39 880
42 879
46 881
53 881
56 883
57 881
54 883
54 882
55 884
59 882
54 883
53 881
50 881
56 880
58 880
59 879
53 878
56 881
68 880
90 883
114 881
77 883
65 881
82 882
120 880
132 879
84 880
61 881
72 884
91 883
88 884
55 881
51 880
58 881
66 882
63 885
55 883
50 883
56 881
62 881
62 883
55 882
52 883
57 881
60 881
56 883
52 883
48 884
49 881
44 881
40 883
38 883
33 885
33 882
33 881
37 884
40 882
41 883
51 881
69 882
105 885
81 883
56 883
70 881
105 882
137 885
106 884
69 883
79 882
112 883
151 885
142 882
121 881
114 884
53 884
42 885
39 881
37 881
38 885
41 885
40 883
53 883
55 884
56 885
63 884
70 885
48 885
47 883
55 885
60 886
78 883
63 884
56 885
81 883
134 885
176 885
158 882
128 884
117 886
110 883
86 882
51 885
51 883
47 882
51 884
52 884
45 884
46 882
50 884
51 886
49 883
46 882
48 886
52 884
49 883
52 885
51 885
45 883
52 884
56 885
50 885
47 882
48 884
50 886
51 883
50 883
50 886
49 884
47 882
52 885
54 885
46 885
46 882
50 883
51 886
50 883
46 882
47 886
49 884
46 883
50 884
51 885
45 884
49 883
55 885
52 885
48 882
50 883
51 887
54 883
52 882
51 886
51 885
49 884
55 884
59 884
51 885
50 883
55 885
61 889
65 885
50 884
54 887
63 888
69 888
79 885
54 886
52 888
57 886
66 884
86 886
62 885
58 885
94 880
163 879
206 878
178 869
149 857
180 845
234 825
261 798
227 758
203 715
232 663
284 599
310 525
280 442
254 366
278 293
324 220
351 157
312 113
283 108
307 107
358 100
386 102
342 104
311 102
340 101
392 99
418 102
367 105
333 100
362 100
404 103
421 104
366 104
324 100
344 105
373 110
377 113
293 135
228 181
254 237
317 296
361 347
320 409
297 470
358 524
444 575
498 624
491 665
487 700
532 728
582 757
604 782
585 796
576 810
605 826
635 836
644 846
622 849
607 855
623 862
643 866
645 869
619 871
599 873
608 876
625 878
627 880
600 879
571 881
571 881
564 883
547 881
481 882
419 881
384 882
360 881
319 880
232 881
160 882
142 885
157 884
158 886
112 882
71 882
80 881
108 881
131 880
93 881
73 880
82 880
107 877
128 878
95 880
74 879
87 882
127 881
155 882
125 880
93 882
109 880
152 883
181 881
146 883
116 882
130 884
174 883
199 884
165 882
130 882
149 881
191 882
219 880
179 880
144 880
155 881
194 880
215 881
176 880
137 882
154 881
194 883
226 881
193 883
169 880
188 881
235 880
262 880
228 878
198 878
208 880
240 881
255 883
215 880
177 879
181 877
209 878
227 881
193 881
155 883
167 881
198 883
226 880
189 880
153 879
160 880
189 879
204 879
157 879
109 879
99 880
118 880
129 881
91 880
66 882
74 881
82 882
92 879
66 879
61 878
65 879
68 881
73 881
60 883
61 881
64 884
70 882
71 883
62 880
61 881
63 879
68 879
68 879
60 879
57 880
65 881
73 883
93 881
69 883
68 882
83 884
126 882
168 882
154 880
136 880
168 880
232 880
275 879
249 879
229 880
261 880
310 882
340 881
301 883
269 881
284 884
322 883
335 884
291 882
248 884
259 882
288 884
304 881
254 882
212 880
223 881
257 880
271 881
226 880
183 880
195 880
234 880
254 880
202 880
153 880
160 881
196 881
213 881
151 880
94 880
94 881
133 881
138 880
50 880
42 880
40 881
38 881
37 881
34 880
35 880
37 881
40 882
41 881
44 882
49 881
53 883
57 882
57 884
55 882
54 884
58 883
59 885
61 883
53 883
54 881
55 883
63 882
68 881
56 881
56 882
64 884
87 884
115 886
79 884
58 886
68 884
90 884
117 882
71 881
56 883
64 884
77 887
92 885
55 885
52 883
56 883
67 884
81 884
56 886
55 884
55 884
66 884
82 884
56 887
54 885
53 886
60 883
64 884
52 886
50 886
45 887
41 884
36 883
34 886
36 885
34 886
36 884
38 884
43 887
50 886
59 886
94 884
141 884
117 887
82 887
79 887
117 885
162 884
137 887
103 885
96 885
132 885
187 886
193 888
149 885
42 884
39 886
42 887
40 888
37 885
37 885
41 889
51 886
62 885
57 888
58 887
60 886
78 889
55 887
46 886
55 887
73 887
108 886
110 885
105 887
129 888
183 885
215 887
164 889
92 885
57 886
56 889
52 885
47 885
47 889
47 886
47 886
51 890
48 887
43 885
49 889
53 887
49 885
49 887
49 887
47 887
51 885
56 888
51 889
48 885
50 885
55 889
57 886
47 885
49 887
53 888
50 888
53 885
51 887
49 889
49 887
50 886
53 889
51 886
45 886
48 888
51 888
47 887
48 887
49 888
46 889
48 886
54 887
51 888
48 885
51 886
55 890
57 887
48 885
50 888
54 888
53 889
57 886
53 887
51 889
54 887
56 887
64 890
56 889
48 888
55 888
66 890
80 891
62 889
53 888
60 891
73 890
82 889
55 888
53 889
58 891
84 887
138 884
139 886
124 882
138 878
198 873
248 867
219 858
184 841
196 825
248 805
290 771
261 733
231 692
245 644
291 587
334 518
310 451
273 384
283 314
330 250
370 188
339 141
295 114
308 104
362 103
398 104
364 103
325 103
340 100
394 102
427 103
393 98
355 99
362 103
412 103
447 101
411 98
368 102
371 105
420 102
457 103
413 105
364 107
364 109
411 110
446 129
388 165
332 207
346 260
419 316
478 388
454 463
442 542
497 616
583 679
631 733
628 774
618 808
639 831
669 849
689 859
667 869
651 872
655 877
677 878
688 880
669 880
651 880
656 884
677 884
685 887
663 884
633 885
629 884
635 884
629 884
580 883
520 884
490 883
476 884
452 883
365 884
279 883
245 884
263 884
278 885
234 884
179 886
177 886
214 888
246 886
203 887
155 886
147 887
189 885
218 886
182 884
131 885
129 885
169 886
206 885
170 886
126 884
122 886
166 884
201 885
169 883
123 883
120 883
162 884
198 883
166 884
122 882
118 883
162 882
197 882
167 882
125 882
123 882
169 882
207 883
186 882
150 883
158 883
208 884
257 883
239 885
214 883
223 885
276 884
312 885
289 884
248 885
245 884
273 884
300 882
263 882
218 881
208 882
240 883
271 883
239 885
199 884
192 886
233 885
267 885
241 882
195 882
182 881
209 881
230 881
189 881
130 882
109 883
125 885
151 884
119 885
78 884
73 885
90 883
114 883
89 881
64 882
65 881
74 882
89 882
67 881
59 882
64 882
70 883
87 882
65 884
65 882
66 885
81 884
103 885
84 883
65 884
73 882
101 883
147 882
136 881
106 880
120 881
183 883
247 883
240 884
222 884
244 886
314 885
363 886
351 883
320 885
338 882
390 883
424 881
391 881
348 881
349 881
390 882
416 882
374 881
326 881
323 882
364 882
389 883
352 882
303 883
304 883
347 884
380 883
337 884
291 883
289 885
339 884
367 885
322 884
257 885
249 884
293 886
326 884
264 885
190 883
171 885
190 883
110 884
43 882
37 882
38 882
36 882
38 882
36 881
38 883
40 883
45 885
52 884
52 886
55 884
58 887
68 885
85 887
60 885
53 885
58 883
78 884
124 883
94 882
58 883
70 883
123 886
192 884
166 886
118 883
118 884
189 883
244 883
206 884
148 884
137 887
193 886
233 886
188 883
119 883
104 884
155 885
197 888
156 886
87 886
74 883
122 883
173 886
137 885
73 886
67 884
111 883
166 885
128 886
57 887
57 884
74 884
110 885
62 886
46 888
40 885
35 884
36 885
36 885
34 886
35 884
35 884
44 886
51 886
53 887
70 884
124 884
182 887
170 886
121 886
104 884
143 884
186 887
173 885
131 884
118 884
149 886
197 888
215 884
146 884
42 886
41 887
38 887
39 884
40 884
43 887
55 886
76 885
81 887
54 887
47 886
56 888
72 888
56 885
53 887
60 886
83 885
138 888
151 886
133 885
146 887
189 888
210 887
174 885
108 886
58 887
55 885
55 886
49 888
46 884
46 884
51 888
54 887
45 885
47 885
51 886
51 887
53 884
50 885
50 888
51 885
51 884
59 888
53 887
45 885
48 886
54 886
52 886
49 885
49 887
48 888
51 884
56 886
51 888
47 885
47 884
52 888
56 886
47 884
48 886
50 887
46 886
50 885
50 886
48 888
48 885
53 885
62 888
55 884
49 884
53 888
60 886
66 885
58 886
56 886
53 888
63 885
86 886
77 888
57 885
57 885
78 888
111 888
102 887
74 886
69 888
100 890
140 888
130 886
82 889
62 888
75 887
110 887
96 887
58 889
64 885
120 883
195 884
201 880
165 875
163 870
215 863
260 853
250 833
212 814
207 792
257 756
301 715
294 667
260 614
250 554
299 482
346 413
332 345
292 279
282 217
331 157
376 119
354 112
312 104
308 102
359 103
402 104
382 104
342 99
338 102
383 104
426 100
408 100
360 100
350 103
394 103
433 98
412 101
357 105
342 104
388 104
426 106
398 109
332 115
313 124
366 160
409 204
383 250
328 302
335 358
414 429
481 502
494 576
496 644
534 703
592 752
634 790
632 818
618 837
620 852
648 861
663 871
653 873
627 878
624 879
641 882
656 881
640 881
616 880
613 881
630 884
639 884
611 885
567 883
537 883
540 882
536 882
487 884
417 882
358 884
345 882
323 883
259 881
176 882
139 882
163 883
193 882
173 883
125 883
104 885
138 884
171 886
157 884
106 885
87 884
115 885
152 883
136 884
92 882
74 884
106 883
138 885
129 882
83 884
76 883
99 884
133 882
120 883
82 882
72 883
100 883
131 884
125 882
84 883
76 882
103 883
141 881
134 882
98 880
84 881
122 881
164 881
163 879
133 879
125 881
174 880
224 883
229 881
197 883
194 882
232 884
270 882
253 883
212 881
186 883
212 880
239 880
223 879
177 880
153 881
183 882
213 885
207 882
165 884
149 883
179 885
215 882
202 883
153 880
118 881
135 880
152 880
130 880
81 879
64 881
75 881
88 882
81 881
63 883
66 883
70 884
81 883
67 884
62 882
62 883
67 881
71 881
64 879
60 879
59 880
66 880
71 881
67 881
62 883
66 882
73 883
88 882
78 881
66 879
67 881
90 879
136 880
146 880
123 880
124 882
187 882
249 884
265 882
239 884
247 883
304 885
359 883
356 885
327 882
318 885
365 883
397 884
382 882
334 883
320 882
355 884
384 882
361 882
310 880
290 881
331 881
363 881
343 880
291 880
275 880
317 881
353 880
333 880
276 879
